<?xml version="1.0" encoding="utf-8"?>
<COLLADA xmlns="http://www.collada.org/2005/11/COLLADASchema" version="1.4.1">
  <asset>
    <contributor>
      <author>Mixamo</author>
      <authoring_tool>COLLADA Mixamo exporter</authoring_tool>
      <comments/>
    </contributor>
    <created>2024-02-07T15:06:21Z</created>
    <modified>2024-02-07T15:06:21Z</modified>
    <revision/>
    <title/>
    <unit meter="0.010000"/>
    <up_axis>Y_UP</up_axis>
  </asset>
  <library_animations>
    <animation id="mixamorig_Hips-anim" name="mixamorig_Hips">
      <source id="mixamorig_Hips-Matrix-animation-input">
        <float_array id="mixamorig_Hips-Matrix-animation-input-array" count="133">

0.000000 0.033333 0.066667 0.100000 0.133333 0.166667 0.200000 0.233333 0.266667 0.300000 0.333333 0.366667 0.400000 0.433333 0.466667 0.500000
0.533333 0.566667 0.600000 0.633333 0.666667 0.700000 0.733333 0.766667 0.800000 0.833333 0.866667 0.900000 0.933333 0.966667 1.000000 1.033333
1.066667 1.100000 1.133333 1.166667 1.200000 1.233333 1.266667 1.300000 1.333333 1.366667 1.400000 1.433333 1.466667 1.500000 1.533333 1.566667
1.600000 1.633333 1.666667 1.700000 1.733333 1.766667 1.800000 1.833333 1.866667 1.900000 1.933333 1.966667 2.000000 2.033333 2.066667 2.100000
2.133333 2.166667 2.200000 2.233333 2.266667 2.300000 2.333333 2.366667 2.400000 2.433333 2.466667 2.500000 2.533333 2.566667 2.600000 2.633333
2.666667 2.700000 2.733333 2.766667 2.800000 2.833333 2.866667 2.900000 2.933333 2.966667 3.000000 3.033333 3.066667 3.100000 3.133333 3.166667
3.200000 3.233333 3.266667 3.300000 3.333333 3.366667 3.400000 3.433333 3.466667 3.500000 3.533333 3.566667 3.600000 3.633333 3.666667 3.700000
3.733333 3.766667 3.800000 3.833333 3.866667 3.900000 3.933333 3.966667 4.000000 4.033333 4.066667 4.100000 4.133333 4.166667 4.200000 4.233333
4.266667 4.300000 4.333333 4.366667 4.400000</float_array>
        <technique_common>
          <accessor source="#mixamorig_Hips-Matrix-animation-input-array" count="133">
            <param name="TIME" type="float"/>
          </accessor>
        </technique_common>
      </source>
      <source id="mixamorig_Hips-Matrix-animation-output-transform">
        <float_array id="mixamorig_Hips-Matrix-animation-output-transform-array" count="2128">

0.983394 -0.011287 -0.181131 -0.064331 0.015243 0.999674 0.020464 93.806908 0.180841 -0.022885 0.983246 0.238286 0.000000 0.000000 0.000000 1.000000
0.983269 -0.011103 -0.181820 -0.048065 0.015229 0.999657 0.021315 93.799553 0.181521 -0.023728 0.983101 0.199684 0.000000 0.000000 0.000000 1.000000
0.983109 -0.011055 -0.182687 -0.021296 0.015339 0.999639 0.022055 93.794083 0.182377 -0.024485 0.982924 0.168849 0.000000 0.000000 0.000000 1.000000
0.983180 -0.011292 -0.182290 0.004832 0.015699 0.999618 0.022753 93.788116 0.181964 -0.025232 0.982981 0.134457 0.000000 0.000000 0.000000 1.000000
0.983608 -0.012175 -0.179911 0.010455 0.017105 0.999519 0.025879 93.779297 0.179509 -0.028532 0.983342 0.078824 0.000000 0.000000 0.000000 1.000000
0.984646 -0.011785 -0.174167 -0.002283 0.017981 0.999259 0.034037 93.755692 0.173637 -0.036646 0.984128 -0.018053 0.000000 0.000000 0.000000 1.000000
0.986320 -0.008936 -0.164598 -0.048880 0.017163 0.998669 0.048634 93.669601 0.163944 -0.050794 0.985161 -0.199721 0.000000 0.000000 0.000000 1.000000
0.988430 -0.006129 -0.151552 -0.090958 0.016812 0.997453 0.069310 93.356918 0.150741 -0.071056 0.986016 -0.551119 0.000000 0.000000 0.000000 1.000000
0.991585 -0.006758 -0.129284 -0.135678 0.019370 0.995140 0.096546 93.031464 0.128003 -0.098238 0.986896 -1.134254 0.000000 0.000000 0.000000 1.000000
0.995944 -0.007994 -0.089621 -0.240317 0.019479 0.991580 0.128021 92.867088 0.087843 -0.129247 0.987714 -1.954169 0.000000 0.000000 0.000000 1.000000
0.998902 -0.026323 -0.038748 -0.609536 0.031907 0.987958 0.151394 93.064041 0.034297 -0.152464 0.987714 -2.964346 0.000000 0.000000 0.000000 1.000000
0.998021 -0.058815 0.022249 -1.305917 0.054638 0.986218 0.156170 93.770142 -0.031128 -0.154646 0.987480 -4.006905 0.000000 0.000000 0.000000 1.000000
0.992229 -0.082193 0.093415 -2.188241 0.067848 0.986728 0.147525 94.429649 -0.104300 -0.140041 0.984637 -5.010536 0.000000 0.000000 0.000000 1.000000
0.983135 -0.092725 0.157632 -3.009707 0.069950 0.987051 0.144350 94.752861 -0.168976 -0.130889 0.976891 -6.026199 0.000000 0.000000 0.000000 1.000000
0.975326 -0.101439 0.196087 -3.757762 0.071855 0.985686 0.152513 94.917587 -0.208751 -0.134661 0.968654 -7.030540 0.000000 0.000000 0.000000 1.000000
0.972256 -0.103522 0.209763 -4.333120 0.069653 0.984186 0.162870 94.873138 -0.223307 -0.143741 0.964092 -7.955880 0.000000 0.000000 0.000000 1.000000
0.971257 -0.098426 0.216732 -4.678790 0.060863 0.982927 0.173636 94.481651 -0.230123 -0.155454 0.960665 -8.981102 0.000000 0.000000 0.000000 1.000000
0.968841 -0.091418 0.230196 -4.848927 0.048810 0.981637 0.184410 93.915100 -0.242827 -0.167428 0.955512 -10.319294 0.000000 0.000000 0.000000 1.000000
0.964822 -0.085325 0.248673 -4.899892 0.037260 0.980700 0.191935 93.288315 -0.260251 -0.175918 0.949380 -12.003743 0.000000 0.000000 0.000000 1.000000
0.960331 -0.080551 0.266974 -4.925366 0.027361 0.979971 0.197254 92.684082 -0.277516 -0.182124 0.943301 -13.956589 0.000000 0.000000 0.000000 1.000000
0.956989 -0.073241 0.280727 -4.960704 0.016508 0.979789 0.199350 92.139465 -0.289653 -0.186141 0.938857 -16.162477 0.000000 0.000000 0.000000 1.000000
0.953885 -0.065014 0.293046 -4.965761 0.005921 0.980148 0.198180 91.567024 -0.300113 -0.187306 0.935333 -18.668768 0.000000 0.000000 0.000000 1.000000
0.950073 -0.059257 0.306351 -4.868613 -0.002673 0.980220 0.197894 90.818817 -0.312017 -0.188832 0.931122 -21.672338 0.000000 0.000000 0.000000 1.000000
0.946559 -0.052375 0.318249 -4.590135 -0.011739 0.980478 0.196276 89.860626 -0.322316 -0.189523 0.927466 -25.450886 0.000000 0.000000 0.000000 1.000000
0.945116 -0.044852 0.323641 -4.168759 -0.020242 0.980592 0.195009 88.824448 -0.326106 -0.190858 0.925866 -30.051512 0.000000 0.000000 0.000000 1.000000
0.947900 -0.044209 0.315484 -3.777151 -0.018555 0.980981 0.193215 87.943886 -0.318026 -0.189002 0.929052 -35.218826 0.000000 0.000000 0.000000 1.000000
0.959379 -0.046726 0.278222 -3.280228 -0.005891 0.982656 0.185344 87.247513 -0.282057 -0.179454 0.942465 -40.647377 0.000000 0.000000 0.000000 1.000000
0.978362 -0.041642 0.202665 -2.584032 0.005890 0.984745 0.173903 87.008545 -0.206815 -0.168946 0.963683 -45.012600 0.000000 0.000000 0.000000 1.000000
0.990560 -0.029216 0.133928 -1.973796 0.006664 0.986131 0.165833 87.635895 -0.136916 -0.163375 0.977017 -48.455994 0.000000 0.000000 0.000000 1.000000
0.995004 -0.017856 0.098225 -1.628184 0.001104 0.985783 0.168018 89.069679 -0.099828 -0.167070 0.980878 -51.859482 0.000000 0.000000 0.000000 1.000000
0.995803 0.002982 0.091475 -1.628880 -0.018234 0.985898 0.166348 90.752594 -0.089689 -0.167318 0.981815 -54.929691 0.000000 0.000000 0.000000 1.000000
0.995113 0.025335 0.095442 -1.782924 -0.040069 0.986978 0.155786 92.126297 -0.090253 -0.158849 0.983169 -57.555779 0.000000 0.000000 0.000000 1.000000
0.994246 0.038477 0.099973 -1.808254 -0.051759 0.989647 0.133861 93.191704 -0.093787 -0.138265 0.985945 -59.998844 0.000000 0.000000 0.000000 1.000000
0.994369 0.038857 0.098591 -1.754522 -0.048469 0.994098 0.097053 93.770973 -0.094238 -0.101285 0.990384 -62.318100 0.000000 0.000000 0.000000 1.000000
0.995925 0.034829 0.083188 -1.541448 -0.040092 0.997242 0.062454 94.056702 -0.080784 -0.065535 0.994575 -64.473320 0.000000 0.000000 0.000000 1.000000
0.997327 0.035962 0.063613 -1.226310 -0.037135 0.999159 0.017361 94.130806 -0.062935 -0.019676 0.997824 -66.490967 0.000000 0.000000 0.000000 1.000000
0.998662 0.034629 0.038402 -0.947405 -0.033144 0.998704 -0.038635 93.932922 -0.039690 0.037310 0.998515 -68.469322 0.000000 0.000000 0.000000 1.000000
0.999720 0.023651 0.000234 -0.709976 -0.023541 0.995950 -0.086775 93.638428 -0.002286 0.086745 0.996228 -70.567787 0.000000 0.000000 0.000000 1.000000
0.999168 0.007948 -0.040003 -0.570322 -0.013003 0.991724 -0.127731 93.292702 0.038656 0.128145 0.991002 -72.820335 0.000000 0.000000 0.000000 1.000000
0.997572 -0.013523 -0.068322 -0.540520 0.002210 0.986621 -0.163013 92.732368 0.069612 0.162467 0.984255 -75.183777 0.000000 0.000000 0.000000 1.000000
0.996206 -0.041646 -0.076419 -0.661611 0.025915 0.980192 -0.196348 91.828758 0.083083 0.193623 0.977552 -77.604706 0.000000 0.000000 0.000000 1.000000
0.995058 -0.068206 -0.072158 -0.915447 0.050159 0.972480 -0.227523 90.673721 0.085691 0.222779 0.971095 -79.905380 0.000000 0.000000 0.000000 1.000000
0.993763 -0.088957 -0.067248 -1.202385 0.069067 0.964436 -0.255134 89.101173 0.087553 0.248898 0.964564 -82.095207 0.000000 0.000000 0.000000 1.000000
0.991854 -0.104879 -0.072291 -1.433438 0.081833 0.959561 -0.269345 87.200569 0.097616 0.261235 0.960327 -83.999672 0.000000 0.000000 0.000000 1.000000
0.990950 -0.105178 -0.083403 -1.654736 0.080875 0.963710 -0.254404 85.548416 0.107134 0.245356 0.963495 -85.141853 0.000000 0.000000 0.000000 1.000000
0.993097 -0.084088 -0.081772 -2.020392 0.063073 0.970638 -0.232128 84.479385 0.098890 0.225368 0.969242 -85.256737 0.000000 0.000000 0.000000 1.000000
0.994527 -0.071888 -0.075820 -2.610681 0.054628 0.976355 -0.209159 83.612709 0.089063 0.203872 0.974938 -84.495071 0.000000 0.000000 0.000000 1.000000
0.994763 -0.072359 -0.072182 -3.214489 0.059560 0.984336 -0.165935 82.369026 0.083058 0.160767 0.983491 -83.030807 0.000000 0.000000 0.000000 1.000000
0.996294 -0.065853 -0.055326 -3.733579 0.058502 0.990387 -0.125344 80.459938 0.063049 0.121643 0.990570 -81.072021 0.000000 0.000000 0.000000 1.000000
0.997535 -0.065155 -0.026043 -4.111986 0.062313 0.993225 -0.098092 77.957664 0.032258 0.096228 0.994837 -79.032135 0.000000 0.000000 0.000000 1.000000
0.997858 -0.065414 0.000627 -4.404097 0.065263 0.994810 -0.078057 74.900551 0.004482 0.077931 0.996949 -77.114342 0.000000 0.000000 0.000000 1.000000
0.997566 -0.065767 0.023178 -4.796306 0.066830 0.996584 -0.048510 71.436539 -0.019908 0.049941 0.998554 -75.279419 0.000000 0.000000 0.000000 1.000000
0.996255 -0.074800 0.043377 -5.476151 0.075326 0.997102 -0.010618 67.819359 -0.042458 0.013846 0.999002 -73.468742 0.000000 0.000000 0.000000 1.000000
0.993964 -0.088068 0.065421 -6.292898 0.086843 0.995993 0.021350 63.922283 -0.067039 -0.015540 0.997629 -71.715408 0.000000 0.000000 0.000000 1.000000
0.989687 -0.103336 0.099207 -7.449961 0.099940 0.994243 0.038630 60.167755 -0.102628 -0.028317 0.994317 -69.976212 0.000000 0.000000 0.000000 1.000000
0.983594 -0.120901 0.133887 -8.794846 0.115923 0.992265 0.044404 56.450840 -0.138220 -0.028155 0.990001 -68.282715 0.000000 0.000000 0.000000 1.000000
0.977582 -0.138568 0.158534 -10.183874 0.133287 0.990121 0.043527 52.713375 -0.163000 -0.021420 0.986394 -66.571686 0.000000 0.000000 0.000000 1.000000
0.973595 -0.153718 0.168772 -11.585732 0.148585 0.987977 0.042710 49.149445 -0.173308 -0.016505 0.984729 -64.868202 0.000000 0.000000 0.000000 1.000000
0.972891 -0.152910 0.173501 -12.669830 0.148903 0.988198 0.035959 46.683510 -0.176951 -0.009150 0.984177 -62.879551 0.000000 0.000000 0.000000 1.000000
0.975314 -0.118787 0.186150 -13.345904 0.121844 0.992537 -0.005023 46.431980 -0.184164 0.027580 0.982509 -60.194939 0.000000 0.000000 0.000000 1.000000
0.979547 -0.101823 0.173551 -14.107230 0.117135 0.989859 -0.080370 47.138008 -0.163608 0.099055 0.981540 -57.337444 0.000000 0.000000 0.000000 1.000000
0.985163 -0.122345 0.120359 -14.697717 0.138429 0.981007 -0.135875 47.814590 -0.101449 0.150520 0.983388 -54.747276 0.000000 0.000000 0.000000 1.000000
0.987718 -0.151755 0.037195 -15.270577 0.155897 0.973082 -0.169728 48.133678 -0.010436 0.173442 0.984789 -52.386169 0.000000 0.000000 0.000000 1.000000
0.984527 -0.169789 -0.043341 -15.980058 0.157392 0.965545 -0.207245 47.782429 0.077035 0.197216 0.977329 -50.140884 0.000000 0.000000 0.000000 1.000000
0.980761 -0.170486 -0.095093 -16.596821 0.142078 0.957450 -0.251204 46.864925 0.133874 0.232860 0.963252 -47.703510 0.000000 0.000000 0.000000 1.000000
0.978551 -0.158505 -0.131586 -17.040728 0.113708 0.948213 -0.296585 45.672798 0.171782 0.275261 0.945898 -44.992607 0.000000 0.000000 0.000000 1.000000
0.973909 -0.139624 -0.178902 -17.358240 0.069150 0.933424 -0.352048 44.252804 0.216146 0.330492 0.918725 -41.868534 0.000000 0.000000 0.000000 1.000000
0.960641 -0.124846 -0.248157 -17.603367 0.009073 0.906943 -0.421155 42.423958 0.277644 0.402327 0.872380 -38.750725 0.000000 0.000000 0.000000 1.000000
0.937219 -0.116434 -0.328731 -17.688404 -0.057374 0.878297 -0.474660 40.353287 0.343990 0.463721 0.816476 -35.542221 0.000000 0.000000 0.000000 1.000000
0.916064 -0.115103 -0.384159 -18.158190 -0.112778 0.845326 -0.522211 38.061611 0.384848 0.521704 0.761392 -32.296913 0.000000 0.000000 0.000000 1.000000
0.916697 -0.138319 -0.374878 -19.191719 -0.123827 0.793655 -0.595633 35.726730 0.379911 0.592435 0.710414 -29.453253 0.000000 0.000000 0.000000 1.000000
0.935825 -0.198009 -0.291588 -20.503746 -0.060136 0.725455 -0.685637 33.360577 0.347297 0.659172 0.666992 -26.870441 0.000000 0.000000 0.000000 1.000000
0.948551 -0.253939 -0.189120 -21.715231 0.015837 0.634604 -0.772675 30.748327 0.316229 0.729926 0.605976 -23.870832 0.000000 0.000000 0.000000 1.000000
0.946869 -0.299527 -0.117140 -22.842342 0.067053 0.540066 -0.838947 27.575462 0.314551 0.786519 0.531456 -19.981594 0.000000 0.000000 0.000000 1.000000
0.937444 -0.344023 -0.053355 -23.998077 0.116269 0.453844 -0.883463 23.667690 0.328147 0.821993 0.465453 -15.769967 0.000000 0.000000 0.000000 1.000000
0.927964 -0.372630 -0.005484 -24.934511 0.142443 0.368249 -0.918751 19.723434 0.344373 0.851786 0.394800 -12.317232 0.000000 0.000000 0.000000 1.000000
0.920711 -0.389509 0.023962 -25.909628 0.143014 0.279649 -0.949391 16.187012 0.363095 0.877542 0.313182 -9.179648 0.000000 0.000000 0.000000 1.000000
0.909724 -0.407884 0.077679 -27.172688 0.158428 0.168055 -0.972964 13.537325 0.383802 0.897434 0.217503 -6.407859 0.000000 0.000000 0.000000 1.000000
0.886179 -0.449752 0.111395 -28.945566 0.165081 0.081831 -0.982879 12.752712 0.432937 0.889397 0.146762 -4.241911 0.000000 0.000000 0.000000 1.000000
0.868310 -0.484807 0.104886 -30.726389 0.158561 0.070933 -0.984798 13.262770 0.469997 0.871740 0.138464 -2.504423 0.000000 0.000000 0.000000 1.000000
0.865034 -0.492929 0.093468 -32.085171 0.152887 0.081550 -0.984873 13.938025 0.477851 0.866239 0.145906 -1.095372 0.000000 0.000000 0.000000 1.000000
0.867175 -0.491202 0.082022 -32.996067 0.138232 0.079187 -0.987229 14.186003 0.478434 0.867439 0.136569 0.158463 0.000000 0.000000 0.000000 1.000000
0.868467 -0.490644 0.070941 -33.497326 0.126460 0.080891 -0.988668 13.930513 0.479346 0.867597 0.132298 1.195561 0.000000 0.000000 0.000000 1.000000
0.869564 -0.487903 0.076222 -33.708458 0.132739 0.082266 -0.987731 13.497750 0.475647 0.869013 0.136300 1.847829 0.000000 0.000000 0.000000 1.000000
0.872309 -0.481692 0.083960 -33.682404 0.141932 0.085129 -0.986209 13.323937 0.467902 0.872196 0.142626 2.204569 0.000000 0.000000 0.000000 1.000000
0.877881 -0.471020 0.086398 -33.456997 0.146319 0.092041 -0.984946 13.425533 0.455977 0.877308 0.149721 2.327167 0.000000 0.000000 0.000000 1.000000
0.882184 -0.463494 0.083216 -33.167225 0.143209 0.095718 -0.985053 13.558419 0.448601 0.880915 0.150818 2.258998 0.000000 0.000000 0.000000 1.000000
0.885182 -0.459434 0.073302 -32.858326 0.131341 0.095623 -0.986715 13.595839 0.446321 0.883049 0.144986 2.170476 0.000000 0.000000 0.000000 1.000000
0.886486 -0.458835 0.060113 -32.677181 0.118439 0.099393 -0.987974 13.524381 0.447342 0.882945 0.142454 1.745530 0.000000 0.000000 0.000000 1.000000
0.888016 -0.456902 0.051659 -32.450249 0.111883 0.105736 -0.988080 13.357226 0.445994 0.883210 0.145015 1.374344 0.000000 0.000000 0.000000 1.000000
0.891876 -0.449702 0.048227 -32.301392 0.110591 0.113444 -0.987370 13.151222 0.438551 0.885945 0.150911 1.082117 0.000000 0.000000 0.000000 1.000000
0.893933 -0.445827 0.046066 -32.194881 0.110540 0.119699 -0.986637 13.016645 0.434356 0.887080 0.156284 0.943877 0.000000 0.000000 0.000000 1.000000
0.893279 -0.447437 0.043051 -32.102318 0.107509 0.119672 -0.986975 12.987645 0.436457 0.886273 0.155004 0.988780 0.000000 0.000000 0.000000 1.000000
0.893636 -0.446708 0.043209 -32.085556 0.106812 0.118185 -0.987230 12.963213 0.435897 0.886840 0.153329 1.081910 0.000000 0.000000 0.000000 1.000000
0.894373 -0.444879 0.046689 -32.123825 0.109561 0.116664 -0.987110 12.926430 0.433698 0.887959 0.153082 1.229141 0.000000 0.000000 0.000000 1.000000
0.895218 -0.442887 0.049352 -32.203346 0.112164 0.116756 -0.986807 12.858191 0.431281 0.888943 0.154198 1.386559 0.000000 0.000000 0.000000 1.000000
0.895703 -0.441794 0.050330 -32.299835 0.113654 0.118043 -0.986483 12.778996 0.429881 0.889316 0.155943 1.492829 0.000000 0.000000 0.000000 1.000000
0.896010 -0.441161 0.050433 -32.376823 0.114481 0.119775 -0.986179 12.709872 0.429023 0.889399 0.157824 1.549966 0.000000 0.000000 0.000000 1.000000
0.896336 -0.440502 0.050404 -32.409435 0.115000 0.121185 -0.985946 12.660678 0.428202 0.889535 0.159280 1.576532 0.000000 0.000000 0.000000 1.000000
0.896443 -0.440276 0.050470 -32.397018 0.115015 0.121161 -0.985947 12.644938 0.427974 0.889650 0.159253 1.577193 0.000000 0.000000 0.000000 1.000000
0.896021 -0.441024 0.051420 -32.353306 0.115485 0.119660 -0.986075 12.664665 0.428730 0.889482 0.158150 1.556603 0.000000 0.000000 0.000000 1.000000
0.895220 -0.442465 0.052964 -32.293823 0.116782 0.118242 -0.986094 12.694771 0.430050 0.888956 0.157525 1.525023 0.000000 0.000000 0.000000 1.000000
0.894823 -0.443236 0.053225 -32.249340 0.116903 0.117589 -0.986157 12.707417 0.430842 0.888659 0.157037 1.500994 0.000000 0.000000 0.000000 1.000000
0.894961 -0.443020 0.052710 -32.224213 0.116356 0.117718 -0.986207 12.702089 0.430704 0.888750 0.156901 1.493586 0.000000 0.000000 0.000000 1.000000
0.895354 -0.442210 0.052839 -32.211456 0.116439 0.117920 -0.986173 12.694618 0.429865 0.889126 0.157071 1.501108 0.000000 0.000000 0.000000 1.000000
0.895614 -0.441628 0.053287 -32.212387 0.116976 0.118247 -0.986070 12.679191 0.429175 0.889372 0.157564 1.519996 0.000000 0.000000 0.000000 1.000000
0.895724 -0.441373 0.053559 -32.220074 0.117443 0.118696 -0.985961 12.659407 0.428819 0.889439 0.158155 1.543293 0.000000 0.000000 0.000000 1.000000
0.895879 -0.440989 0.054118 -32.225960 0.117980 0.118692 -0.985897 12.648302 0.428347 0.889630 0.158361 1.559165 0.000000 0.000000 0.000000 1.000000
0.896001 -0.440670 0.054709 -32.230400 0.118492 0.118533 -0.985855 12.640066 0.427951 0.889809 0.158422 1.561162 0.000000 0.000000 0.000000 1.000000
0.896004 -0.440626 0.054998 -32.234505 0.118616 0.118147 -0.985886 12.635988 0.427909 0.889882 0.158126 1.551534 0.000000 0.000000 0.000000 1.000000
0.896080 -0.440440 0.055255 -32.238789 0.118539 0.117473 -0.985976 12.638042 0.427773 0.890063 0.157475 1.539478 0.000000 0.000000 0.000000 1.000000
0.896371 -0.439791 0.055696 -32.244297 0.118791 0.117251 -0.985972 12.633766 0.427091 0.890413 0.157344 1.529551 0.000000 0.000000 0.000000 1.000000
0.897135 -0.438117 0.056591 -32.256123 0.119809 0.118004 -0.985759 12.612366 0.425199 0.891139 0.158356 1.515743 0.000000 0.000000 0.000000 1.000000
0.897788 -0.436701 0.057170 -32.268272 0.120475 0.118650 -0.985600 12.592852 0.423630 0.891748 0.159134 1.505802 0.000000 0.000000 0.000000 1.000000
0.897886 -0.436476 0.057355 -32.273430 0.120601 0.118580 -0.985593 12.582731 0.423387 0.891867 0.159111 1.505864 0.000000 0.000000 0.000000 1.000000
0.897745 -0.436759 0.057400 -32.277309 0.120591 0.118337 -0.985624 12.572592 0.423688 0.891761 0.158905 1.505702 0.000000 0.000000 0.000000 1.000000
0.897733 -0.436822 0.057113 -32.281490 0.120201 0.118153 -0.985693 12.564363 0.423824 0.891755 0.158576 1.506557 0.000000 0.000000 0.000000 1.000000
0.897744 -0.436822 0.056948 -32.284302 0.119903 0.117910 -0.985759 12.556599 0.423886 0.891787 0.158229 1.507309 0.000000 0.000000 0.000000 1.000000
0.897685 -0.436985 0.056624 -32.288628 0.119422 0.117577 -0.985857 12.550337 0.424147 0.891751 0.157733 1.505462 0.000000 0.000000 0.000000 1.000000
0.897807 -0.436802 0.056093 -32.292397 0.118866 0.117710 -0.985908 12.534361 0.424044 0.891823 0.157602 1.504878 0.000000 0.000000 0.000000 1.000000
0.898074 -0.436350 0.055325 -32.297451 0.118045 0.117943 -0.985979 12.514725 0.423707 0.892013 0.157431 1.501973 0.000000 0.000000 0.000000 1.000000
0.898225 -0.436135 0.054567 -32.302406 0.117177 0.117954 -0.986081 12.500732 0.423628 0.892117 0.157054 1.497898 0.000000 0.000000 0.000000 1.000000
0.898306 -0.436026 0.054108 -32.303009 0.116626 0.117899 -0.986153 12.492950 0.423609 0.892178 0.156761 1.499842 0.000000 0.000000 0.000000 1.000000
0.898259 -0.436151 0.053873 -32.301544 0.116334 0.117778 -0.986202 12.485663 0.423788 0.892133 0.156534 1.502018 0.000000 0.000000 0.000000 1.000000
0.898692 -0.435220 0.054185 -32.306854 0.116761 0.118333 -0.986085 12.465796 0.422752 0.892514 0.157162 1.497242 0.000000 0.000000 0.000000 1.000000
0.899209 -0.434199 0.053805 -32.315544 0.116498 0.119075 -0.986027 12.447382 0.421725 0.892912 0.157656 1.495617 0.000000 0.000000 0.000000 1.000000
0.899277 -0.434185 0.052764 -32.319672 0.115549 0.119490 -0.986088 12.434914 0.421840 0.892864 0.157624 1.502070 0.000000 0.000000 0.000000 1.000000
0.899197 -0.434422 0.052187 -32.321629 0.115041 0.119657 -0.986128 12.422304 0.422151 0.892726 0.157572 1.507322 0.000000 0.000000 0.000000 1.000000
0.899159 -0.434548 0.051785 -32.322937 0.114667 0.119747 -0.986160 12.413240 0.422333 0.892652 0.157500 1.511634 0.000000 0.000000 0.000000 1.000000
0.899072 -0.434783 0.051311 -32.325794 0.114278 0.119927 -0.986184 12.402802 0.422622 0.892514 0.157509 1.509961 0.000000 0.000000 0.000000 1.000000
0.898912 -0.435175 0.050789 -32.325291 0.113646 0.119641 -0.986291 12.398130 0.423133 0.892361 0.157003 1.514474 0.000000 0.000000 0.000000 1.000000
0.898731 -0.435538 0.050878 -32.325733 0.113545 0.119074 -0.986372 12.393599 0.423544 0.892260 0.156468 1.513464 0.000000 0.000000 0.000000 1.000000
0.898751 -0.435490 0.050944 -32.326691 0.113485 0.118816 -0.986410 12.393053 0.423518 0.892318 0.156207 1.515032 0.000000 0.000000 0.000000 1.000000</float_array>
        <technique_common>
          <accessor source="#mixamorig_Hips-Matrix-animation-output-transform-array" count="133" stride="16">
            <param type="float4x4"/>
          </accessor>
        </technique_common>
      </source>
      <source id="mixamorig_Hips-Interpolations">
        <Name_array id="mixamorig_Hips-Interpolations-array" count="133">
 LINEAR LINEAR LINEAR LINEAR LINEAR LINEAR LINEAR LINEAR LINEAR LINEAR LINEAR
LINEAR LINEAR LINEAR LINEAR LINEAR LINEAR LINEAR LINEAR LINEAR LINEAR LINEAR LINEAR
LINEAR LINEAR LINEAR LINEAR LINEAR LINEAR LINEAR LINEAR LINEAR LINEAR LINEAR LINEAR
LINEAR LINEAR LINEAR LINEAR LINEAR LINEAR LINEAR LINEAR LINEAR LINEAR LINEAR LINEAR
LINEAR LINEAR LINEAR LINEAR LINEAR LINEAR LINEAR LINEAR LINEAR LINEAR LINEAR LINEAR
LINEAR LINEAR LINEAR LINEAR LINEAR LINEAR LINEAR LINEAR LINEAR LINEAR LINEAR LINEAR
LINEAR LINEAR LINEAR LINEAR LINEAR LINEAR LINEAR LINEAR LINEAR LINEAR LINEAR LINEAR
LINEAR LINEAR LINEAR LINEAR LINEAR LINEAR LINEAR LINEAR LINEAR LINEAR LINEAR LINEAR
LINEAR LINEAR LINEAR LINEAR LINEAR LINEAR LINEAR LINEAR LINEAR LINEAR LINEAR LINEAR
LINEAR LINEAR LINEAR LINEAR LINEAR LINEAR LINEAR LINEAR LINEAR LINEAR LINEAR LINEAR
LINEAR LINEAR LINEAR LINEAR LINEAR LINEAR LINEAR LINEAR LINEAR LINEAR LINEAR LINEAR
LINEAR LINEAR</Name_array>
        <technique_common>
          <accessor source="#mixamorig_Hips-Interpolations-array" count="133">
            <param type="name"/>
          </accessor>
        </technique_common>
      </source>
      <sampler id="mixamorig_Hips-Matrix-animation-transform">
        <input semantic="INPUT" source="#mixamorig_Hips-Matrix-animation-input"/>
        <input semantic="OUTPUT" source="#mixamorig_Hips-Matrix-animation-output-transform"/>
        <input semantic="INTERPOLATION" source="#mixamorig_Hips-Interpolations"/>
      </sampler>
      <channel source="#mixamorig_Hips-Matrix-animation-transform" target="mixamorig_Hips/matrix"/>
    </animation>
    <animation id="mixamorig_Spine-anim" name="mixamorig_Spine">
      <source id="mixamorig_Spine-Matrix-animation-input">
        <float_array id="mixamorig_Spine-Matrix-animation-input-array" count="133">

0.000000 0.033333 0.066667 0.100000 0.133333 0.166667 0.200000 0.233333 0.266667 0.300000 0.333333 0.366667 0.400000 0.433333 0.466667 0.500000
0.533333 0.566667 0.600000 0.633333 0.666667 0.700000 0.733333 0.766667 0.800000 0.833333 0.866667 0.900000 0.933333 0.966667 1.000000 1.033333
1.066667 1.100000 1.133333 1.166667 1.200000 1.233333 1.266667 1.300000 1.333333 1.366667 1.400000 1.433333 1.466667 1.500000 1.533333 1.566667
1.600000 1.633333 1.666667 1.700000 1.733333 1.766667 1.800000 1.833333 1.866667 1.900000 1.933333 1.966667 2.000000 2.033333 2.066667 2.100000
2.133333 2.166667 2.200000 2.233333 2.266667 2.300000 2.333333 2.366667 2.400000 2.433333 2.466667 2.500000 2.533333 2.566667 2.600000 2.633333
2.666667 2.700000 2.733333 2.766667 2.800000 2.833333 2.866667 2.900000 2.933333 2.966667 3.000000 3.033333 3.066667 3.100000 3.133333 3.166667
3.200000 3.233333 3.266667 3.300000 3.333333 3.366667 3.400000 3.433333 3.466667 3.500000 3.533333 3.566667 3.600000 3.633333 3.666667 3.700000
3.733333 3.766667 3.800000 3.833333 3.866667 3.900000 3.933333 3.966667 4.000000 4.033333 4.066667 4.100000 4.133333 4.166667 4.200000 4.233333
4.266667 4.300000 4.333333 4.366667 4.400000</float_array>
        <technique_common>
          <accessor source="#mixamorig_Spine-Matrix-animation-input-array" count="133">
            <param name="TIME" type="float"/>
          </accessor>
        </technique_common>
      </source>
      <source id="mixamorig_Spine-Matrix-animation-output-transform">
        <float_array id="mixamorig_Spine-Matrix-animation-output-transform-array" count="2128">

0.998849 -0.034442 0.033393 -0.000000 0.035270 0.999076 -0.024539 9.226300 -0.032517 0.025689 0.999141 1.577100 0.000000 0.000000 0.000000 1.000000
0.998852 -0.034431 0.033315 0.000000 0.035264 0.999072 -0.024745 9.226300 -0.032432 0.025891 0.999139 1.577100 0.000000 0.000000 0.000000 1.000000
0.998846 -0.034750 0.033153 0.000000 0.035584 0.999056 -0.024918 9.226300 -0.032256 0.026069 0.999140 1.577100 0.000000 0.000000 0.000000 1.000000
0.998847 -0.035149 0.032703 0.000000 0.035978 0.999037 -0.025116 9.226300 -0.031789 0.026263 0.999150 1.577100 0.000000 0.000000 0.000000 1.000000
0.998877 -0.035019 0.031923 0.000000 0.035854 0.999020 -0.025957 9.226300 -0.030982 0.027072 0.999153 1.577100 0.000000 0.000000 0.000000 1.000000
0.998863 -0.036380 0.030796 -0.000000 0.037243 0.998916 -0.027922 9.226300 -0.029747 0.029037 0.999136 1.577100 0.000000 0.000000 0.000000 1.000000
0.998751 -0.039736 0.030288 0.000000 0.040683 0.998681 -0.031324 9.226300 -0.029003 0.032518 0.999050 1.577100 0.000000 0.000000 0.000000 1.000000
0.998348 -0.047538 0.032261 0.000000 0.048724 0.998126 -0.037030 9.226300 -0.030440 0.038541 0.998793 1.577100 0.000000 0.000000 0.000000 1.000000
0.997675 -0.057562 0.036488 -0.000000 0.059211 0.997192 -0.045849 9.226300 -0.033746 0.047903 0.998282 1.577100 0.000000 0.000000 0.000000 1.000000
0.996661 -0.070986 0.040344 0.000000 0.073174 0.995767 -0.055621 9.226300 -0.036225 0.058387 0.997637 1.577100 0.000000 0.000000 0.000000 1.000000
0.996297 -0.074032 0.043729 0.000000 0.076660 0.995139 -0.061825 9.226300 -0.038939 0.064948 0.997129 1.577100 0.000000 0.000000 0.000000 1.000000
0.996698 -0.068298 0.043908 -0.000000 0.070891 0.995648 -0.060497 9.226300 -0.039585 0.063410 0.997202 1.577100 0.000000 0.000000 0.000000 1.000000
0.997056 -0.065620 0.039666 0.000000 0.067647 0.996347 -0.052128 9.226300 -0.036100 0.054658 0.997852 1.577100 0.000000 0.000000 0.000000 1.000000
0.997347 -0.064892 0.032978 0.000000 0.066304 0.996843 -0.043679 9.226300 -0.030040 0.045750 0.998501 1.577100 0.000000 0.000000 0.000000 1.000000
0.998069 -0.056158 0.026538 0.000000 0.057151 0.997632 -0.038272 9.226300 -0.024325 0.039715 0.998915 1.577100 0.000000 0.000000 0.000000 1.000000
0.998696 -0.046254 0.021595 0.000000 0.046932 0.998385 -0.032009 9.226300 -0.020080 0.032980 0.999254 1.577100 0.000000 0.000000 0.000000 1.000000
0.998982 -0.042601 0.014860 0.000000 0.042955 0.998780 -0.024349 9.226300 -0.013805 0.024963 0.999593 1.577100 0.000000 0.000000 0.000000 1.000000
0.999081 -0.042636 0.004442 0.000000 0.042712 0.998916 -0.018509 9.226300 -0.003648 0.018681 0.999819 1.577100 0.000000 0.000000 0.000000 1.000000
0.999101 -0.041724 -0.007486 0.000000 0.041609 0.999023 -0.014868 9.226300 0.008099 0.014544 0.999861 1.577100 0.000000 0.000000 0.000000 1.000000
0.999156 -0.036954 -0.017910 -0.000000 0.036740 0.999251 -0.012144 9.226300 0.018346 0.011476 0.999766 1.577100 0.000000 0.000000 0.000000 1.000000
0.999275 -0.029248 -0.024365 -0.000000 0.029027 0.999535 -0.009392 9.226300 0.024629 0.008678 0.999659 1.577100 0.000000 0.000000 0.000000 1.000000
0.999446 -0.019258 -0.027129 -0.000000 0.019064 0.999791 -0.007387 9.226300 0.027265 0.006866 0.999605 1.577100 0.000000 0.000000 0.000000 1.000000
0.999585 -0.008318 -0.027581 -0.000000 0.008083 0.999930 -0.008609 9.226300 0.027651 0.008383 0.999582 1.577100 0.000000 0.000000 0.000000 1.000000
0.999659 0.000201 -0.026103 -0.000000 -0.000568 0.999901 -0.014063 9.226300 0.026098 0.014073 0.999560 1.577100 0.000000 0.000000 0.000000 1.000000
0.999721 0.008980 -0.021825 0.000000 -0.009504 0.999665 -0.024061 9.226300 0.021601 0.024262 0.999472 1.577100 0.000000 0.000000 0.000000 1.000000
0.999600 0.024200 -0.014645 -0.000000 -0.024740 0.998975 -0.037899 9.226300 0.013712 0.038247 0.999174 1.577100 0.000000 0.000000 0.000000 1.000000
0.999477 0.031577 -0.006994 0.000000 -0.031912 0.998006 -0.054461 9.226300 0.005261 0.054656 0.998491 1.577100 0.000000 0.000000 0.000000 1.000000
0.999034 0.043567 0.005756 -0.000000 -0.043103 0.996961 -0.064888 9.226300 -0.008566 0.064578 0.997876 1.577100 0.000000 0.000000 0.000000 1.000000
0.997847 0.063270 0.017244 0.000000 -0.061947 0.995710 -0.068738 9.226300 -0.021519 0.067522 0.997486 1.577100 0.000000 0.000000 0.000000 1.000000
0.997778 0.062777 0.022328 -0.000000 -0.060905 0.995212 -0.076442 9.226300 -0.027020 0.074912 0.996824 1.577100 0.000000 0.000000 0.000000 1.000000
0.998747 0.044275 0.023332 -0.000000 -0.042175 0.995584 -0.083863 9.226300 -0.026942 0.082774 0.996204 1.577100 0.000000 0.000000 0.000000 1.000000
0.999309 0.028091 0.024357 0.000000 -0.025924 0.996033 -0.085124 9.226300 -0.026651 0.084434 0.996073 1.577100 0.000000 0.000000 0.000000 1.000000
0.999502 0.017423 0.026307 0.000000 -0.015284 0.996724 -0.079422 9.226300 -0.027605 0.078981 0.996494 1.577100 0.000000 0.000000 0.000000 1.000000
0.999447 0.013841 0.030242 0.000000 -0.011761 0.997622 -0.067911 9.226300 -0.031110 0.067518 0.997233 1.577100 0.000000 0.000000 0.000000 1.000000
0.999299 0.008020 0.036580 0.000000 -0.005962 0.998411 -0.056034 9.226300 -0.036972 0.055776 0.997759 1.577100 0.000000 0.000000 0.000000 1.000000
0.999074 -0.000633 0.043014 0.000000 0.002465 0.999090 -0.042569 9.226300 -0.042948 0.042635 0.998167 1.577100 0.000000 0.000000 0.000000 1.000000
0.998757 -0.005941 0.049481 0.000000 0.007403 0.999540 -0.029422 9.226300 -0.049283 0.029751 0.998342 1.577100 0.000000 0.000000 0.000000 1.000000
0.998343 -0.008786 0.056866 -0.000000 0.010031 0.999716 -0.021631 9.226300 -0.056660 0.022166 0.998147 1.577100 0.000000 0.000000 0.000000 1.000000
0.997935 -0.010665 0.063344 0.000000 0.011909 0.999743 -0.019283 9.226300 -0.063122 0.019998 0.997805 1.577100 0.000000 0.000000 0.000000 1.000000
0.997704 -0.010376 0.066924 0.000000 0.011819 0.999705 -0.021199 9.226300 -0.066684 0.021942 0.997533 1.577100 0.000000 0.000000 0.000000 1.000000
0.997759 -0.006756 0.066565 0.000000 0.008387 0.999671 -0.024246 9.226300 -0.066379 0.024750 0.997487 1.577100 0.000000 0.000000 0.000000 1.000000
0.997928 -0.003482 0.064239 -0.000000 0.005120 0.999666 -0.025349 9.226300 -0.064129 0.025625 0.997613 1.577100 0.000000 0.000000 0.000000 1.000000
0.998003 0.000148 0.063165 0.000000 0.001430 0.999688 -0.024936 9.226300 -0.063149 0.024976 0.997692 1.577100 0.000000 0.000000 0.000000 1.000000
0.997981 0.005502 0.063278 0.000000 -0.003816 0.999635 -0.026739 9.226300 -0.063402 0.026444 0.997638 1.577100 0.000000 0.000000 0.000000 1.000000
0.998094 0.005602 0.061463 0.000000 -0.003599 0.999460 -0.032646 9.226300 -0.061613 0.032363 0.997575 1.577100 0.000000 0.000000 0.000000 1.000000
0.998447 -0.000139 0.055704 0.000000 0.002130 0.999361 -0.035685 9.226300 -0.055664 0.035749 0.997809 1.577100 0.000000 0.000000 0.000000 1.000000
0.998827 -0.000433 0.048411 0.000000 0.002093 0.999411 -0.034256 9.226300 -0.048368 0.034317 0.998240 1.577100 0.000000 0.000000 0.000000 1.000000
0.999154 -0.002604 0.041044 0.000000 0.003912 0.999486 -0.031817 9.226300 -0.040940 0.031950 0.998651 1.577100 0.000000 0.000000 0.000000 1.000000
0.999363 -0.015205 0.032278 -0.000000 0.016061 0.999522 -0.026424 9.226300 -0.031861 0.026926 0.999130 1.577100 0.000000 0.000000 0.000000 1.000000
0.999427 -0.023497 0.024374 0.000000 0.023995 0.999505 -0.020364 9.226300 -0.023884 0.020937 0.999495 1.577100 0.000000 0.000000 0.000000 1.000000
0.999367 -0.029348 0.020122 -0.000000 0.029630 0.999465 -0.013846 9.226300 -0.019705 0.014434 0.999702 1.577100 0.000000 0.000000 0.000000 1.000000
0.999367 -0.031081 0.017323 -0.000000 0.031281 0.999446 -0.011405 9.226300 -0.016959 0.011940 0.999785 1.577100 0.000000 0.000000 0.000000 1.000000
0.999625 -0.023276 0.014393 0.000000 0.023482 0.999622 -0.014332 9.226300 -0.014053 0.014665 0.999794 1.577100 0.000000 0.000000 0.000000 1.000000
0.999857 -0.012461 0.011398 0.000000 0.012674 0.999743 -0.018771 9.226300 -0.011161 0.018913 0.999759 1.577100 0.000000 0.000000 0.000000 1.000000
0.999971 0.003328 0.006809 0.000000 -0.003182 0.999768 -0.021322 9.226300 -0.006878 0.021300 0.999749 1.577100 0.000000 0.000000 0.000000 1.000000
0.999840 0.017724 0.002463 -0.000000 -0.017669 0.999632 -0.020575 9.226300 -0.002827 0.020528 0.999785 1.577100 0.000000 0.000000 0.000000 1.000000
0.999578 0.029035 0.000862 0.000000 -0.029014 0.999395 -0.019171 9.226300 -0.001418 0.019138 0.999816 1.577100 0.000000 0.000000 0.000000 1.000000
0.999336 0.036305 0.002962 -0.000000 -0.036238 0.999142 -0.020063 9.226300 -0.003688 0.019943 0.999794 1.577100 0.000000 0.000000 0.000000 1.000000
0.999507 0.031148 0.003918 0.000000 -0.031066 0.999325 -0.019624 9.226300 -0.004527 0.019492 0.999800 1.577100 0.000000 0.000000 0.000000 1.000000
0.999892 0.014571 0.001905 -0.000000 -0.014551 0.999843 -0.010100 9.226300 -0.002052 0.010071 0.999947 1.577100 0.000000 0.000000 0.000000 1.000000
0.999911 0.010972 0.007583 -0.000000 -0.011050 0.999886 0.010259 9.226300 -0.007469 -0.010342 0.999919 1.577100 0.000000 0.000000 0.000000 1.000000
0.999757 0.014715 0.016412 -0.000000 -0.015197 0.999445 0.029642 9.226300 -0.015966 -0.029885 0.999426 1.577100 0.000000 0.000000 0.000000 1.000000
0.999536 0.018550 0.024155 0.000000 -0.019442 0.999117 0.037240 9.226300 -0.023443 -0.037693 0.999014 1.577100 0.000000 0.000000 0.000000 1.000000
0.999387 0.019693 0.028941 0.000000 -0.020706 0.999169 0.035118 9.226300 -0.028226 -0.035696 0.998964 1.577100 0.000000 0.000000 0.000000 1.000000
0.999624 0.009841 0.025601 0.000000 -0.010643 0.999451 0.031360 9.226300 -0.025278 -0.031620 0.999180 1.577100 0.000000 0.000000 0.000000 1.000000
0.999771 -0.010531 0.018620 -0.000000 0.009975 0.999510 0.029677 9.226300 -0.018924 -0.029485 0.999386 1.577100 0.000000 0.000000 0.000000 1.000000
0.999277 -0.034355 0.016255 0.000000 0.033831 0.998930 0.031524 9.226300 -0.017320 -0.030951 0.999371 1.577100 0.000000 0.000000 0.000000 1.000000
0.998420 -0.051099 0.023395 0.000000 0.050253 0.998108 0.035418 9.226300 -0.025161 -0.034187 0.999099 1.577100 0.000000 0.000000 0.000000 1.000000
0.997340 -0.065387 0.032204 0.000000 0.064239 0.997303 0.035495 9.226300 -0.034438 -0.033332 0.998851 1.577100 0.000000 0.000000 0.000000 1.000000
0.996382 -0.076302 0.037425 0.000000 0.075083 0.996633 0.032947 9.226300 -0.039813 -0.030018 0.998756 1.577100 0.000000 0.000000 0.000000 1.000000
0.996179 -0.079598 0.035937 0.000000 0.078436 0.996384 0.032664 9.226300 -0.038407 -0.029721 0.998820 1.577100 0.000000 0.000000 0.000000 1.000000
0.997056 -0.071701 0.027161 0.000000 0.070838 0.996990 0.031525 9.226300 -0.029340 -0.029509 0.999134 1.577100 0.000000 0.000000 0.000000 1.000000
0.997850 -0.062315 0.020302 0.000000 0.061643 0.997579 0.032187 9.226300 -0.022259 -0.030866 0.999276 1.577100 0.000000 0.000000 0.000000 1.000000
0.997891 -0.063855 0.011674 0.000000 0.063431 0.997418 0.033680 9.226300 -0.013794 -0.032869 0.999364 1.577100 0.000000 0.000000 0.000000 1.000000
0.996848 -0.077678 -0.016156 0.000000 0.078174 0.996402 0.032730 9.226300 0.013555 -0.033890 0.999334 1.577100 0.000000 0.000000 0.000000 1.000000
0.994765 -0.091542 -0.045411 0.000000 0.093012 0.995170 0.031403 9.226300 0.042317 -0.035462 0.998475 1.577100 0.000000 0.000000 0.000000 1.000000
0.993332 -0.101596 -0.054498 0.000000 0.103463 0.994099 0.032598 9.226300 0.050865 -0.038019 0.997982 1.577100 0.000000 0.000000 0.000000 1.000000
0.993321 -0.104922 -0.048000 0.000000 0.106925 0.993410 0.041269 9.226300 0.043354 -0.046126 0.997994 1.577100 0.000000 0.000000 0.000000 1.000000
0.996286 -0.079574 -0.032900 0.000000 0.080974 0.995759 0.043667 9.226300 0.029286 -0.046169 0.998504 1.577100 0.000000 0.000000 0.000000 1.000000
0.998319 -0.052432 -0.024694 -0.000000 0.053112 0.998203 0.027756 9.226300 0.023194 -0.029021 0.999310 1.577100 0.000000 0.000000 0.000000 1.000000
0.998850 -0.042859 -0.021495 0.000000 0.043053 0.999035 0.008663 9.226300 0.021103 -0.009579 0.999731 1.577100 0.000000 0.000000 0.000000 1.000000
0.998999 -0.041215 -0.017383 -0.000000 0.041165 0.999147 -0.003249 9.226300 0.017502 0.002530 0.999844 1.577100 0.000000 0.000000 0.000000 1.000000
0.999004 -0.042027 -0.014998 0.000000 0.041860 0.999060 -0.011274 9.226300 0.015458 0.010635 0.999824 1.577100 0.000000 0.000000 0.000000 1.000000
0.998843 -0.045388 -0.015888 -0.000000 0.045113 0.998833 -0.017232 9.226300 0.016652 0.016495 0.999725 1.577100 0.000000 0.000000 0.000000 1.000000
0.998573 -0.050589 -0.017090 -0.000000 0.050191 0.998475 -0.022971 9.226300 0.018226 0.022080 0.999590 1.577100 0.000000 0.000000 0.000000 1.000000
0.998111 -0.058737 -0.018030 0.000000 0.058212 0.997902 -0.028338 9.226300 0.019657 0.027235 0.999436 1.577100 0.000000 0.000000 0.000000 1.000000
0.997767 -0.064379 -0.017799 -0.000000 0.063802 0.997473 -0.031257 9.226300 0.019766 0.030052 0.999353 1.577100 0.000000 0.000000 0.000000 1.000000
0.997622 -0.066927 -0.016492 0.000000 0.066399 0.997320 -0.030713 9.226300 0.018503 0.029545 0.999392 1.577100 0.000000 0.000000 0.000000 1.000000
0.998091 -0.060025 -0.014563 0.000000 0.059563 0.997763 -0.030359 9.226300 0.016353 0.029434 0.999433 1.577100 0.000000 0.000000 0.000000 1.000000
0.998331 -0.056026 -0.013987 0.000000 0.055584 0.997997 -0.030208 9.226300 0.015651 0.029380 0.999446 1.577100 0.000000 0.000000 0.000000 1.000000
0.998306 -0.056391 -0.014326 -0.000000 0.055939 0.997977 -0.030207 9.226300 0.016000 0.029355 0.999441 1.577100 0.000000 0.000000 0.000000 1.000000
0.998264 -0.057080 -0.014525 0.000000 0.056621 0.997936 -0.030305 9.226300 0.016225 0.029430 0.999435 1.577100 0.000000 0.000000 0.000000 1.000000
0.998235 -0.057779 -0.013730 0.000000 0.057352 0.997911 -0.029727 9.226300 0.015418 0.028887 0.999464 1.577100 0.000000 0.000000 0.000000 1.000000
0.998096 -0.060264 -0.013164 0.000000 0.059858 0.997777 -0.029302 9.226300 0.014901 0.028458 0.999484 1.577100 0.000000 0.000000 0.000000 1.000000
