<?xml version="1.0" encoding="utf-8"?>
<COLLADA xmlns="http://www.collada.org/2005/11/COLLADASchema" version="1.4.1">
  <asset>
    <contributor>
      <author>Mixamo</author>
      <authoring_tool>COLLADA Mixamo exporter</authoring_tool>
      <comments/>
    </contributor>
    <created>2024-02-07T15:16:10Z</created>
    <modified>2024-02-07T15:16:10Z</modified>
    <revision/>
    <title/>
    <unit meter="0.010000"/>
    <up_axis>Y_UP</up_axis>
  </asset>
  <library_animations>
    <animation id="mixamorig_Hips-anim" name="mixamorig_Hips">
      <source id="mixamorig_Hips-Matrix-animation-input">
        <float_array id="mixamorig_Hips-Matrix-animation-input-array" count="36">

0.000000 0.033333 0.066667 0.100000 0.133333 0.166667 0.200000 0.233333 0.266667 0.300000 0.333333 0.366667 0.400000 0.433333 0.466667 0.500000
0.533333 0.566667 0.600000 0.633333 0.666667 0.700000 0.733333 0.766667 0.800000 0.833333 0.866667 0.900000 0.933333 0.966667 1.000000 1.033333
1.066667 1.100000 1.133333 1.166667</float_array>
        <technique_common>
          <accessor source="#mixamorig_Hips-Matrix-animation-input-array" count="36">
            <param name="TIME" type="float"/>
          </accessor>
        </technique_common>
      </source>
      <source id="mixamorig_Hips-Matrix-animation-output-transform">
        <float_array id="mixamorig_Hips-Matrix-animation-output-transform-array" count="576">

0.999685 0.015743 -0.019547 -3.673338 -0.014760 0.998667 0.049458 94.459724 0.020300 -0.049154 0.998585 0.183152 0.000000 0.000000 0.000000 1.000000
0.999757 0.016947 -0.014121 -3.433516 -0.016392 0.999122 0.038549 94.482018 0.014762 -0.038308 0.999157 0.028003 0.000000 0.000000 0.000000 1.000000
0.999690 0.021302 -0.012919 -3.050567 -0.020890 0.999293 0.031261 94.038918 0.013576 -0.030981 0.999428 -0.045904 0.000000 0.000000 0.000000 1.000000
0.999234 0.035298 -0.016908 -2.632111 -0.034845 0.999045 0.026356 92.902122 0.017822 -0.025747 0.999510 0.275151 0.000000 0.000000 0.000000 1.000000
0.998066 0.057139 -0.024491 -2.181983 -0.056504 0.998067 0.025875 91.316422 0.025923 -0.024441 0.999365 1.039858 0.000000 0.000000 0.000000 1.000000
0.997651 0.060105 -0.032861 -1.799515 -0.059270 0.997908 0.025823 90.252220 0.034344 -0.023814 0.999126 1.559284 0.000000 0.000000 0.000000 1.000000
0.997744 0.054219 -0.039594 -1.358438 -0.053180 0.998224 0.026848 89.657120 0.040979 -0.024681 0.998855 2.059739 0.000000 0.000000 0.000000 1.000000
0.998243 0.041964 -0.041821 -0.823855 -0.040795 0.998763 0.028429 89.435356 0.042963 -0.026673 0.998721 2.753960 0.000000 0.000000 0.000000 1.000000
0.999095 0.018894 -0.038119 -0.326717 -0.017871 0.999476 0.026997 89.529213 0.038609 -0.026291 0.998908 3.439361 0.000000 0.000000 0.000000 1.000000
0.999444 -0.018346 -0.027857 0.066537 0.019142 0.999409 0.028554 89.962936 0.027316 -0.029071 0.999204 3.802519 0.000000 0.000000 0.000000 1.000000
0.998479 -0.052797 -0.015860 0.480934 0.053485 0.997477 0.046670 90.045753 0.013356 -0.047447 0.998784 4.136344 0.000000 0.000000 0.000000 1.000000
0.996864 -0.078062 -0.012955 0.917992 0.078776 0.994484 0.069251 90.097183 0.007478 -0.070055 0.997515 4.390040 0.000000 0.000000 0.000000 1.000000
0.995572 -0.091259 -0.022563 1.282985 0.092702 0.992907 0.074439 90.447884 0.015610 -0.076201 0.996970 4.490757 0.000000 0.000000 0.000000 1.000000
0.994908 -0.093587 -0.037413 1.474920 0.095861 0.993305 0.064466 91.264885 0.031129 -0.067724 0.997218 4.570525 0.000000 0.000000 0.000000 1.000000
0.995044 -0.087843 -0.046599 1.473660 0.090326 0.994438 0.054160 92.193741 0.041582 -0.058100 0.997444 4.460172 0.000000 0.000000 0.000000 1.000000
0.996129 -0.075913 -0.044314 1.373902 0.078177 0.995592 0.051824 93.045006 0.040185 -0.055088 0.997673 4.134069 0.000000 0.000000 0.000000 1.000000
0.997433 -0.063399 -0.033291 1.230444 0.065140 0.996408 0.054108 93.771217 0.029741 -0.056138 0.997980 3.628913 0.000000 0.000000 0.000000 1.000000
0.998213 -0.056486 -0.019480 1.079047 0.057429 0.997004 0.051821 94.210602 0.016495 -0.052847 0.998466 2.947036 0.000000 0.000000 0.000000 1.000000
0.998289 -0.058114 -0.006500 0.914119 0.058340 0.997379 0.042793 94.191933 0.003996 -0.043099 0.999063 2.226020 0.000000 0.000000 0.000000 1.000000
0.997735 -0.067098 0.004837 0.743100 0.066893 0.997167 0.034400 93.634048 -0.007132 -0.033999 0.999396 1.777692 0.000000 0.000000 0.000000 1.000000
0.996492 -0.082316 0.015113 0.544670 0.081781 0.996099 0.033157 92.648804 -0.017783 -0.031805 0.999336 1.770326 0.000000 0.000000 0.000000 1.000000
0.994269 -0.104152 0.024125 0.278758 0.103224 0.993971 0.036960 91.290733 -0.027829 -0.034258 0.999025 2.171314 0.000000 0.000000 0.000000 1.000000
0.993063 -0.113508 0.030683 -0.013392 0.112324 0.992949 0.037903 90.301071 -0.034769 -0.034193 0.998810 2.315910 0.000000 0.000000 0.000000 1.000000
0.992847 -0.114747 0.032974 -0.300968 0.113445 0.992780 0.038960 89.567192 -0.037207 -0.034941 0.998697 2.311133 0.000000 0.000000 0.000000 1.000000
0.993877 -0.106325 0.030053 -0.651582 0.104978 0.993530 0.043332 89.249527 -0.034465 -0.039911 0.998609 2.484338 0.000000 0.000000 0.000000 1.000000
0.995957 -0.086558 0.024022 -1.180346 0.085430 0.995347 0.044558 89.363564 -0.027767 -0.042326 0.998718 3.019032 0.000000 0.000000 0.000000 1.000000
0.998268 -0.057666 0.011609 -1.743805 0.057155 0.997548 0.040386 89.793274 -0.013910 -0.039653 0.999117 3.513368 0.000000 0.000000 0.000000 1.000000
0.999629 -0.024851 -0.011116 -2.121258 0.025292 0.998821 0.041435 90.014114 0.010073 -0.041701 0.999079 3.730053 0.000000 0.000000 0.000000 1.000000
0.999218 0.004531 -0.039286 -2.421766 -0.002479 0.998638 0.052108 90.070633 0.039469 -0.051969 0.997868 3.834860 0.000000 0.000000 0.000000 1.000000
0.997851 0.026164 -0.060069 -2.799642 -0.022612 0.997997 0.059076 90.336693 0.061495 -0.057591 0.996445 3.791448 0.000000 0.000000 0.000000 1.000000
0.997312 0.033367 -0.065239 -3.183964 -0.029880 0.998109 0.053716 90.986931 0.066908 -0.051623 0.996423 3.507027 0.000000 0.000000 0.000000 1.000000
0.997896 0.030285 -0.057320 -3.461148 -0.027721 0.998601 0.045021 91.893684 0.058603 -0.043338 0.997340 3.066809 0.000000 0.000000 0.000000 1.000000
0.998636 0.025957 -0.045314 -3.653886 -0.023869 0.998655 0.046020 92.763130 0.046447 -0.044876 0.997912 2.525004 0.000000 0.000000 0.000000 1.000000
0.999156 0.021236 -0.035168 -3.779494 -0.019281 0.998300 0.055011 93.540619 0.036277 -0.054287 0.997866 1.908792 0.000000 0.000000 0.000000 1.000000
0.999509 0.015986 -0.026956 -3.810214 -0.014388 0.998185 0.058476 94.202858 0.027842 -0.058060 0.997925 1.110163 0.000000 0.000000 0.000000 1.000000
0.999685 0.015736 -0.019547 -3.673283 -0.014753 0.998667 0.049458 94.459496 0.020299 -0.049154 0.998585 0.183265 0.000000 0.000000 0.000000 1.000000</float_array>
        <technique_common>
          <accessor source="#mixamorig_Hips-Matrix-animation-output-transform-array" count="36" stride="16">
            <param type="float4x4"/>
          </accessor>
        </technique_common>
      </source>
      <source id="mixamorig_Hips-Interpolations">
        <Name_array id="mixamorig_Hips-Interpolations-array" count="36">
 LINEAR LINEAR LINEAR LINEAR LINEAR LINEAR LINEAR LINEAR LINEAR LINEAR LINEAR
LINEAR LINEAR LINEAR LINEAR LINEAR LINEAR LINEAR LINEAR LINEAR LINEAR LINEAR LINEAR
LINEAR LINEAR LINEAR LINEAR LINEAR LINEAR LINEAR LINEAR LINEAR LINEAR LINEAR LINEAR
LINEAR</Name_array>
        <technique_common>
          <accessor source="#mixamorig_Hips-Interpolations-array" count="36">
            <param type="name"/>
          </accessor>
        </technique_common>
      </source>
      <sampler id="mixamorig_Hips-Matrix-animation-transform">
        <input semantic="INPUT" source="#mixamorig_Hips-Matrix-animation-input"/>
        <input semantic="OUTPUT" source="#mixamorig_Hips-Matrix-animation-output-transform"/>
        <input semantic="INTERPOLATION" source="#mixamorig_Hips-Interpolations"/>
      </sampler>
      <channel source="#mixamorig_Hips-Matrix-animation-transform" target="mixamorig_Hips/matrix"/>
    </animation>
    <animation id="mixamorig_Spine-anim" name="mixamorig_Spine">
      <source id="mixamorig_Spine-Matrix-animation-input">
        <float_array id="mixamorig_Spine-Matrix-animation-input-array" count="36">

0.000000 0.033333 0.066667 0.100000 0.133333 0.166667 0.200000 0.233333 0.266667 0.300000 0.333333 0.366667 0.400000 0.433333 0.466667 0.500000
0.533333 0.566667 0.600000 0.633333 0.666667 0.700000 0.733333 0.766667 0.800000 0.833333 0.866667 0.900000 0.933333 0.966667 1.000000 1.033333
1.066667 1.100000 1.133333 1.166667</float_array>
        <technique_common>
          <accessor source="#mixamorig_Spine-Matrix-animation-input-array" count="36">
            <param name="TIME" type="float"/>
          </accessor>
        </technique_common>
      </source>
      <source id="mixamorig_Spine-Matrix-animation-output-transform">
        <float_array id="mixamorig_Spine-Matrix-animation-output-transform-array" count="576">

0.998690 -0.024826 0.044749 -0.000000 0.024829 0.999692 0.000486 9.226300 -0.044747 0.000626 0.998998 1.577100 0.000000 0.000000 0.000000 1.000000
0.997907 -0.035479 0.054059 0.000000 0.035272 0.999366 0.004779 9.226300 -0.054195 -0.002862 0.998526 1.577100 0.000000 0.000000 0.000000 1.000000
0.996749 -0.049931 0.063230 0.000000 0.049340 0.998723 0.010865 9.226300 -0.063691 -0.007710 0.997940 1.577100 0.000000 0.000000 0.000000 1.000000
0.995154 -0.066675 0.072266 -0.000000 0.065533 0.997687 0.018062 9.226300 -0.073303 -0.013239 0.997222 1.577100 0.000000 0.000000 0.000000 1.000000
0.993364 -0.083232 0.079377 -0.000000 0.081449 0.996353 0.025438 9.226300 -0.081204 -0.018804 0.996520 1.577100 0.000000 0.000000 0.000000 1.000000
0.992522 -0.090038 0.082427 0.000000 0.087790 0.995672 0.030504 9.226300 -0.084817 -0.023040 0.996130 1.577100 0.000000 0.000000 0.000000 1.000000
0.992868 -0.087602 0.080866 0.000000 0.085197 0.995826 0.032734 9.226300 -0.083396 -0.025611 0.996187 1.577100 0.000000 0.000000 0.000000 1.000000
0.994622 -0.071972 0.074473 0.000000 0.069883 0.997095 0.030293 9.226300 -0.076437 -0.024926 0.996763 1.577100 0.000000 0.000000 0.000000 1.000000
0.996593 -0.048526 0.066683 0.000000 0.047046 0.998614 0.023583 9.226300 -0.067735 -0.020366 0.997495 1.577100 0.000000 0.000000 0.000000 1.000000
0.998033 -0.020280 0.059324 0.000000 0.019487 0.999713 0.013916 9.226300 -0.059590 -0.012733 0.998142 1.577100 0.000000 0.000000 0.000000 1.000000
0.998559 0.008151 0.053039 -0.000000 -0.008377 0.999957 0.004039 9.226300 -0.053004 -0.004477 0.998584 1.577100 0.000000 0.000000 0.000000 1.000000
0.998324 0.030876 0.048956 0.000000 -0.030789 0.999523 -0.002533 9.226300 -0.049010 0.001022 0.998798 1.577100 0.000000 0.000000 0.000000 1.000000
0.998118 0.042037 0.044650 0.000000 -0.041866 0.999112 -0.004754 9.226300 -0.044810 0.002876 0.998991 1.577100 0.000000 0.000000 0.000000 1.000000
0.998441 0.041079 0.037800 0.000000 -0.040963 0.999153 -0.003835 9.226300 -0.037926 0.002281 0.999278 1.577100 0.000000 0.000000 0.000000 1.000000
0.999004 0.034545 0.028249 -0.000000 -0.034493 0.999402 -0.002346 9.226300 -0.028313 0.001369 0.999598 1.577100 0.000000 0.000000 0.000000 1.000000
0.999516 0.026568 0.016155 0.000000 -0.026534 0.999645 -0.002302 9.226300 -0.016211 0.001872 0.999867 1.577100 0.000000 0.000000 0.000000 1.000000
0.999804 0.019625 0.002457 0.000000 -0.019617 0.999801 -0.003522 9.226300 -0.002525 0.003474 0.999991 1.577100 0.000000 0.000000 0.000000 1.000000
0.999775 0.018006 -0.011184 0.000000 -0.018051 0.999829 -0.003934 9.226300 0.011111 0.004135 0.999930 1.577100 0.000000 0.000000 0.000000 1.000000
0.999416 0.024933 -0.023372 0.000000 -0.024973 0.999687 -0.001431 9.226300 0.023329 0.002014 0.999726 1.577100 0.000000 0.000000 0.000000 1.000000
0.998620 0.040466 -0.033474 -0.000000 -0.040341 0.999176 0.004397 9.226300 0.033624 -0.003041 0.999430 1.577100 0.000000 0.000000 0.000000 1.000000
0.997274 0.060918 -0.041647 0.000000 -0.060473 0.998099 0.011878 9.226300 0.042292 -0.009328 0.999062 1.577100 0.000000 0.000000 0.000000 1.000000
0.995585 0.080868 -0.047647 0.000000 -0.080072 0.996619 0.018396 9.226300 0.048973 -0.014499 0.998695 1.577100 0.000000 0.000000 0.000000 1.000000
0.994455 0.091754 -0.051382 0.000000 -0.090737 0.995637 0.021785 9.226300 0.053156 -0.017002 0.998441 1.577100 0.000000 0.000000 0.000000 1.000000
0.994530 0.090292 -0.052517 0.000000 -0.089259 0.995772 0.021691 9.226300 0.054253 -0.016885 0.998384 1.577100 0.000000 0.000000 0.000000 1.000000
0.995840 0.075905 -0.050405 0.000000 -0.075053 0.997006 0.018582 9.226300 0.051664 -0.014722 0.998556 1.577100 0.000000 0.000000 0.000000 1.000000
0.997376 0.054863 -0.047240 0.000000 -0.054253 0.998427 0.014117 9.226300 0.047940 -0.011517 0.998784 1.577100 0.000000 0.000000 0.000000 1.000000
0.998579 0.031888 -0.042699 0.000000 -0.031521 0.999460 0.009249 9.226300 0.042971 -0.007890 0.999045 1.577100 0.000000 0.000000 0.000000 1.000000
0.999317 0.008135 -0.036059 -0.000000 -0.007974 0.999958 0.004584 9.226300 0.036094 -0.004294 0.999339 1.577100 0.000000 0.000000 0.000000 1.000000
0.999537 -0.011758 -0.028081 -0.000000 0.011813 0.999929 0.001804 9.226300 0.028058 -0.002135 0.999604 1.577100 0.000000 0.000000 0.000000 1.000000
0.999505 -0.024650 -0.019542 0.000000 0.024684 0.999694 0.001498 9.226300 0.019499 -0.001979 0.999808 1.577100 0.000000 0.000000 0.000000 1.000000
0.999568 -0.027821 -0.009442 0.000000 0.027846 0.999609 0.002589 9.226300 0.009367 -0.002851 0.999952 1.577100 0.000000 0.000000 0.000000 1.000000
0.999687 -0.024964 0.001768 0.000000 0.024958 0.999683 0.003375 9.226300 -0.001852 -0.003329 0.999993 1.577100 0.000000 0.000000 0.000000 1.000000
0.999683 -0.021563 0.013032 -0.000000 0.021531 0.999765 0.002641 9.226300 -0.013086 -0.002359 0.999912 1.577100 0.000000 0.000000 0.000000 1.000000
0.999528 -0.018995 0.024148 0.000000 0.018991 0.999820 0.000384 9.226300 -0.024151 0.000075 0.999708 1.577100 0.000000 0.000000 0.000000 1.000000
0.999212 -0.018975 0.034856 0.000000 0.019026 0.999818 -0.001122 9.226300 -0.034828 0.001784 0.999392 1.577100 0.000000 0.000000 0.000000 1.000000
0.998690 -0.024820 0.044749 0.000000 0.024823 0.999692 0.000486 9.226300 -0.044747 0.000625 0.998998 1.577100 0.000000 0.000000 0.000000 1.000000</float_array>
        <technique_common>
          <accessor source="#mixamorig_Spine-Matrix-animation-output-transform-array" count="36" stride="16">
            <param type="float4x4"/>
          </accessor>
        </technique_common>
      </source>
      <source id="mixamorig_Spine-Interpolations">
        <Name_array id="mixamorig_Spine-Interpolations-array" count="36">
 LINEAR LINEAR LINEAR LINEAR LINEAR LINEAR LINEAR LINEAR LINEAR LINEAR LINEAR
LINEAR LINEAR LINEAR LINEAR LINEAR LINEAR LINEAR LINEAR LINEAR LINEAR LINEAR LINEAR
LINEAR LINEAR LINEAR LINEAR LINEAR LINEAR LINEAR LINEAR LINEAR LINEAR LINEAR LINEAR
LINEAR</Name_array>
        <technique_common>
          <accessor source="#mixamorig_Spine-Interpolations-array" count="36">
            <param type="name"/>
          </accessor>
        </technique_common>
      </source>
      <sampler id="mixamorig_Spine-Matrix-animation-transform">
        <input semantic="INPUT" source="#mixamorig_Spine-Matrix-animation-input"/>
        <input semantic="OUTPUT" source="#mixamorig_Spine-Matrix-animation-output-transform"/>
        <input semantic="INTERPOLATION" source="#mixamorig_Spine-Interpolations"/>
      </sampler>
      <channel source="#mixamorig_Spine-Matrix-animation-transform" target="mixamorig_Spine/matrix"/>
    </animation>
    <animation id="mixamorig_Spine1-anim" name="mixamorig_Spine1">
      <source id="mixamorig_Spine1-Matrix-animation-input">
        <float_array id="mixamorig_Spine1-Matrix-animation-input-array" count="36">

0.000000 0.033333 0.066667 0.100000 0.133333 0.166667 0.200000 0.233333 0.266667 0.300000 0.333333 0.366667 0.400000 0.433333 0.466667 0.500000
0.533333 0.566667 0.600000 0.633333 0.666667 0.700000 0.733333 0.766667 0.800000 0.833333 0.866667 0.900000 0.933333 0.966667 1.000000 1.033333
1.066667 1.100000 1.133333 1.166667</float_array>
        <technique_common>
          <accessor source="#mixamorig_Spine1-Matrix-animation-input-array" count="36">
            <param name="TIME" type="float"/>
          </accessor>
        </technique_common>
      </source>
      <source id="mixamorig_Spine1-Matrix-animation-output-transform">
        <float_array id="mixamorig_Spine1-Matrix-animation-output-transform-array" count="576">

0.999386 -0.019538 0.029087 0.000000 0.017146 0.996622 0.080319 16.254900 -0.030558 -0.079771 0.996345 0.000000 0.000000 0.000000 0.000000 1.000000
0.999081 -0.021840 0.036875 0.000000 0.018699 0.996335 0.083473 16.254900 -0.038562 -0.082706 0.995828 0.000000 0.000000 0.000000 0.000000 1.000000
0.998709 -0.024702 0.044388 -0.000000 0.020705 0.995875 0.088343 16.254900 -0.046387 -0.087310 0.995101 0.000000 0.000000 0.000000 0.000000 1.000000
0.998312 -0.028166 0.050799 0.000000 0.023273 0.995256 0.094463 16.254900 -0.053219 -0.093121 0.994231 -0.000000 0.000000 0.000000 0.000000 1.000000
0.997982 -0.031653 0.055048 -0.000000 0.025972 0.994546 0.101016 16.254900 -0.057945 -0.099383 0.993361 0.000000 0.000000 0.000000 0.000000 1.000000
0.997827 -0.033541 0.056706 0.000000 0.027395 0.994001 0.105881 16.254900 -0.059918 -0.104098 0.992761 -0.000000 0.000000 0.000000 0.000000 1.000000
0.997865 -0.033123 0.056291 0.000000 0.026887 0.993773 0.108133 16.254900 -0.059522 -0.106389 0.992541 0.000000 0.000000 0.000000 0.000000 1.000000
0.998110 -0.028878 0.054238 -0.000000 0.022996 0.994090 0.106098 16.254900 -0.056981 -0.104650 0.992875 0.000000 0.000000 0.000000 0.000000 1.000000
0.998483 -0.021452 0.050710 -0.000000 0.016277 0.994820 0.100345 16.254900 -0.052600 -0.099367 0.993660 -0.000000 0.000000 0.000000 0.000000 1.000000
0.998851 -0.012639 0.046216 0.000000 0.008331 0.995702 0.092242 16.254900 -0.047184 -0.091751 0.994664 0.000000 0.000000 0.000000 0.000000 1.000000
0.999119 -0.004240 0.041761 -0.000000 0.000713 0.996457 0.084104 16.254900 -0.041969 -0.084000 0.995581 0.000000 0.000000 0.000000 0.000000 1.000000
0.999272 0.002077 0.038097 0.000000 -0.005076 0.996877 0.078801 16.254900 -0.037815 -0.078937 0.996162 0.000000 0.000000 0.000000 0.000000 1.000000
0.999372 0.005943 0.034920 0.000000 -0.008620 0.996992 0.077021 16.254900 -0.034357 -0.077274 0.996418 -0.000000 0.000000 0.000000 0.000000 1.000000
0.999498 0.007641 0.030737 0.000000 -0.010012 0.996925 0.077723 16.254900 -0.030049 -0.077991 0.996501 -0.000000 0.000000 0.000000 0.000000 1.000000
0.999685 0.007589 0.023915 0.000000 -0.009454 0.996840 0.078873 16.254900 -0.023241 -0.079074 0.996598 0.000000 0.000000 0.000000 0.000000 1.000000
0.999881 0.006447 0.014022 0.000000 -0.007531 0.996871 0.078687 16.254900 -0.013471 -0.078783 0.996801 0.000000 0.000000 0.000000 0.000000 1.000000
0.999984 0.005134 0.002305 -0.000000 -0.005297 0.996997 0.077260 16.254900 -0.001901 -0.077271 0.997008 0.000000 0.000000 0.000000 0.000000 1.000000
0.999948 0.004738 -0.009022 0.000000 -0.004034 0.997060 0.076516 16.254900 0.009359 -0.076475 0.997028 -0.000000 0.000000 0.000000 0.000000 1.000000
0.999818 0.006368 -0.017989 0.000000 -0.004937 0.996900 0.078519 16.254900 0.018433 -0.078416 0.996750 0.000000 0.000000 0.000000 0.000000 1.000000
0.999662 0.010581 -0.023751 0.000000 -0.008556 0.996444 0.083823 16.254900 0.024553 -0.083592 0.996198 0.000000 0.000000 0.000000 0.000000 1.000000
0.999501 0.016808 -0.026742 0.000000 -0.014311 0.995752 0.090960 16.254900 0.028157 -0.090532 0.995495 0.000000 0.000000 0.000000 0.000000 1.000000
0.999329 0.023400 -0.028188 0.000000 -0.020551 0.995032 0.097415 16.254900 0.030327 -0.096770 0.994845 0.000000 0.000000 0.000000 0.000000 1.000000
0.999170 0.028219 -0.029366 0.000000 -0.025116 0.994557 0.101126 16.254900 0.032060 -0.100305 0.994440 0.000000 0.000000 0.000000 0.000000 1.000000
0.999083 0.029593 -0.030940 -0.000000 -0.026311 0.994480 0.101571 16.254900 0.033775 -0.100663 0.994347 0.000000 0.000000 0.000000 0.000000 1.000000
0.999112 0.026598 -0.032692 0.000000 -0.023240 0.994805 0.099114 16.254900 0.035158 -0.098266 0.994539 0.000000 0.000000 0.000000 0.000000 1.000000
0.999235 0.020002 -0.033592 0.000000 -0.016721 0.995312 0.095264 16.254900 0.035340 -0.094629 0.994885 0.000000 0.000000 0.000000 0.000000 1.000000
0.999407 0.011204 -0.032554 0.000000 -0.008202 0.995824 0.090930 16.254900 0.033437 -0.090609 0.995325 0.000000 0.000000 0.000000 0.000000 1.000000
0.999573 0.001727 -0.029175 -0.000000 0.000812 0.996224 0.086817 16.254900 0.029215 -0.086804 0.995797 0.000000 0.000000 0.000000 0.000000 1.000000
0.999695 -0.006403 -0.023861 0.000000 0.008394 0.996403 0.084329 16.254900 0.023235 -0.084504 0.996152 0.000000 0.000000 0.000000 0.000000 1.000000
0.999778 -0.011948 -0.017364 0.000000 0.013365 0.996386 0.083881 16.254900 0.016299 -0.084095 0.996324 0.000000 0.000000 0.000000 0.000000 1.000000
0.999838 -0.014811 -0.010179 -0.000000 0.015619 0.996300 0.084518 16.254900 0.008889 -0.084663 0.996370 0.000000 0.000000 0.000000 0.000000 1.000000
0.999873 -0.015767 -0.002513 0.000000 0.015924 0.996261 0.084910 16.254900 0.001165 -0.084939 0.996385 0.000000 0.000000 0.000000 0.000000 1.000000
0.999857 -0.016034 0.005449 0.000000 0.015520 0.996344 0.084016 16.254900 -0.006777 -0.083920 0.996449 0.000000 0.000000 0.000000 0.000000 1.000000
0.999772 -0.016551 0.013478 -0.000000 0.015397 0.996543 0.081636 16.254900 -0.014783 -0.081410 0.996571 0.000000 0.000000 0.000000 0.000000 1.000000
0.999616 -0.017731 0.021311 0.000000 0.015982 0.996699 0.079602 16.254900 -0.022652 -0.079231 0.996599 0.000000 0.000000 0.000000 0.000000 1.000000
0.999386 -0.019538 0.029087 0.000000 0.017147 0.996622 0.080319 16.254900 -0.030558 -0.079771 0.996345 0.000000 0.000000 0.000000 0.000000 1.000000</float_array>
        <technique_common>
          <accessor source="#mixamorig_Spine1-Matrix-animation-output-transform-array" count="36" stride="16">
            <param type="float4x4"/>
          </accessor>
        </technique_common>
      </source>
      <source id="mixamorig_Spine1-Interpolations">
        <Name_array id="mixamorig_Spine1-Interpolations-array" count="36">
 LINEAR LINEAR LINEAR LINEAR LINEAR LINEAR LINEAR LINEAR LINEAR LINEAR LINEAR
LINEAR LINEAR LINEAR LINEAR LINEAR LINEAR LINEAR LINEAR LINEAR LINEAR LINEAR LINEAR
LINEAR LINEAR LINEAR LINEAR LINEAR LINEAR LINEAR LINEAR LINEAR LINEAR LINEAR LINEAR
LINEAR</Name_array>
        <technique_common>
          <accessor source="#mixamorig_Spine1-Interpolations-array" count="36">
            <param type="name"/>
          </accessor>
        </technique_common>
      </source>
      <sampler id="mixamorig_Spine1-Matrix-animation-transform">
        <input semantic="INPUT" source="#mixamorig_Spine1-Matrix-animation-input"/>
        <input semantic="OUTPUT" source="#mixamorig_Spine1-Matrix-animation-output-transform"/>
        <input semantic="INTERPOLATION" source="#mixamorig_Spine1-Interpolations"/>
      </sampler>
      <channel source="#mixamorig_Spine1-Matrix-animation-transform" target="mixamorig_Spine1/matrix"/>
    </animation>
    <animation id="mixamorig_Spine2-anim" name="mixamorig_Spine2">
      <source id="mixamorig_Spine2-Matrix-animation-input">
        <float_array id="mixamorig_Spine2-Matrix-animation-input-array" count="36">

0.000000 0.033333 0.066667 0.100000 0.133333 0.166667 0.200000 0.233333 0.266667 0.300000 0.333333 0.366667 0.400000 0.433333 0.466667 0.500000
0.533333 0.566667 0.600000 0.633333 0.666667 0.700000 0.733333 0.766667 0.800000 0.833333 0.866667 0.900000 0.933333 0.966667 1.000000 1.033333
1.066667 1.100000 1.133333 1.166667</float_array>
        <technique_common>
          <accessor source="#mixamorig_Spine2-Matrix-animation-input-array" count="36">
            <param name="TIME" type="float"/>
          </accessor>
        </technique_common>
      </source>
      <source id="mixamorig_Spine2-Matrix-animation-output-transform">
        <float_array id="mixamorig_Spine2-Matrix-animation-output-transform-array" count="576">

0.999377 -0.016409 0.031260 -0.000000 0.019410 0.994971 -0.098262 13.700700 -0.029490 0.098807 0.994670 0.000000 0.000000 0.000000 0.000000 1.000000
0.999074 -0.017765 0.039192 -0.000000 0.021424 0.995247 -0.094992 13.700700 -0.037318 0.095744 0.994706 0.000000 0.000000 0.000000 0.000000 1.000000
0.998706 -0.019644 0.046913 -0.000000 0.023809 0.995662 -0.089944 13.700700 -0.044943 0.090945 0.994841 0.000000 0.000000 0.000000 0.000000 1.000000
0.998314 -0.022149 0.053649 0.000000 0.026594 0.996143 -0.083613 13.700700 -0.051590 0.084899 0.995053 0.000000 0.000000 0.000000 0.000000 1.000000
0.997990 -0.024850 0.058292 0.000000 0.029305 0.996611 -0.076858 13.700700 -0.056184 0.078412 0.995337 -0.000000 0.000000 0.000000 0.000000 1.000000
0.997839 -0.026336 0.060194 -0.000000 0.030649 0.996942 -0.071885 13.700700 -0.058116 0.073575 0.995595 -0.000000 0.000000 0.000000 0.000000 1.000000
0.997877 -0.025928 0.059740 -0.000000 0.030077 0.997119 -0.069637 13.700700 -0.057762 0.071286 0.995782 0.000000 0.000000 0.000000 0.000000 1.000000
0.998118 -0.022148 0.057177 -0.000000 0.026239 0.997072 -0.071831 13.700700 -0.055418 0.073196 0.995777 -0.000000 0.000000 0.000000 0.000000 1.000000
0.998486 -0.015473 0.052791 0.000000 0.019561 0.996775 -0.077822 13.700700 -0.051417 0.078737 0.995569 0.000000 0.000000 0.000000 0.000000 1.000000
0.998852 -0.007491 0.047315 -0.000000 0.011552 0.996215 -0.086147 13.700700 -0.046491 0.086595 0.995158 0.000000 0.000000 0.000000 0.000000 1.000000
0.999120 0.000198 0.041954 0.000000 0.003769 0.995524 -0.094434 13.700700 -0.041785 0.094509 0.994647 0.000000 0.000000 0.000000 0.000000 1.000000
0.999274 0.006037 0.037623 -0.000000 -0.002254 0.995005 -0.099795 13.700700 -0.038037 0.099638 0.994296 0.000000 0.000000 0.000000 0.000000 1.000000
0.999375 0.009561 0.034046 -0.000000 -0.006057 0.994809 -0.101577 13.700700 -0.034841 0.101308 0.994245 0.000000 0.000000 0.000000 0.000000 1.000000
0.999500 0.010836 0.029702 0.000000 -0.007789 0.994870 -0.100862 13.700700 -0.030643 0.100580 0.994457 0.000000 0.000000 0.000000 0.000000 1.000000
0.999687 0.010084 0.022911 0.000000 -0.007752 0.994988 -0.099695 13.700700 -0.023801 0.099486 0.994754 0.000000 0.000000 0.000000 0.000000 1.000000
0.999882 0.007916 0.013177 0.000000 -0.006561 0.994980 -0.099854 13.700700 -0.013901 0.099756 0.994915 0.000000 0.000000 0.000000 0.000000 1.000000
0.999984 0.005382 0.001656 -0.000000 -0.005187 0.994851 -0.101219 13.700700 -0.002192 0.101208 0.994863 0.000000 0.000000 0.000000 0.000000 1.000000
0.999947 0.003794 -0.009556 0.000000 -0.004748 0.994788 -0.101851 13.700700 0.009120 0.101891 0.994754 -0.000000 0.000000 0.000000 0.000000 1.000000
0.999817 0.004431 -0.018620 0.000000 -0.006267 0.994998 -0.099693 13.700700 0.018085 0.099792 0.994844 0.000000 0.000000 0.000000 0.000000 1.000000
0.999662 0.007902 -0.024780 0.000000 -0.010205 0.995500 -0.094211 13.700700 0.023924 0.094432 0.995244 0.000000 0.000000 0.000000 0.000000 1.000000
0.999503 0.013593 -0.028443 0.000000 -0.016019 0.996089 -0.086893 13.700700 0.027151 0.087305 0.995812 0.000000 0.000000 0.000000 0.000000 1.000000
0.999334 0.019779 -0.030666 -0.000000 -0.022186 0.996526 -0.080270 13.700700 0.028971 0.080897 0.996301 -0.000000 0.000000 0.000000 0.000000 1.000000
0.999179 0.024270 -0.032454 0.000000 -0.026692 0.996718 -0.076428 13.700700 0.030493 0.077231 0.996547 0.000000 0.000000 0.000000 0.000000 1.000000
0.999092 0.025390 -0.034221 -0.000000 -0.027930 0.996723 -0.075911 13.700700 0.032182 0.076798 0.996527 0.000000 0.000000 0.000000 0.000000 1.000000
0.999118 0.022275 -0.035608 -0.000000 -0.025012 0.996610 -0.078381 13.700700 0.033741 0.079203 0.996287 0.000000 0.000000 0.000000 0.000000 1.000000
0.999239 0.015754 -0.035694 0.000000 -0.018650 0.996431 -0.082324 13.700700 0.034269 0.082927 0.995966 0.000000 0.000000 0.000000 0.000000 1.000000
0.999409 0.007278 -0.033608 0.000000 -0.010174 0.996173 -0.086813 13.700700 0.032848 0.087104 0.995658 0.000000 0.000000 0.000000 0.000000 1.000000
0.999573 -0.001639 -0.029166 -0.000000 -0.001026 0.995840 -0.091113 13.700700 0.029194 0.091104 0.995413 0.000000 0.000000 0.000000 0.000000 1.000000
0.999695 -0.009068 -0.022981 0.000000 0.006875 0.995570 -0.093771 13.700700 0.023729 0.093584 0.995329 0.000000 0.000000 0.000000 0.000000 1.000000
0.999778 -0.013852 -0.015896 -0.000000 0.012293 0.995464 -0.094345 13.700700 0.017131 0.094128 0.995413 -0.000000 0.000000 0.000000 0.000000 1.000000
0.999838 -0.015922 -0.008399 0.000000 0.015065 0.995478 -0.093794 13.700700 0.009854 0.093652 0.995556 0.000000 0.000000 0.000000 0.000000 1.000000
0.999871 -0.016059 -0.000622 0.000000 0.015931 0.995495 -0.093470 13.700700 0.002120 0.093448 0.995622 0.000000 0.000000 0.000000 0.000000 1.000000
0.999853 -0.015482 0.007369 -0.000000 0.016109 0.995400 -0.094441 13.700700 -0.005873 0.094546 0.995503 0.000000 0.000000 0.000000 0.000000 1.000000
0.999766 -0.015152 0.015437 0.000000 0.016578 0.995154 -0.096916 13.700700 -0.013893 0.097149 0.995173 0.000000 0.000000 0.000000 0.000000 1.000000
0.999607 -0.015491 0.023361 -0.000000 0.017733 0.994928 -0.099012 13.700700 -0.021709 0.099387 0.994812 0.000000 0.000000 0.000000 0.000000 1.000000
0.999377 -0.016409 0.031260 0.000000 0.019410 0.994971 -0.098262 13.700700 -0.029490 0.098807 0.994670 -0.000000 0.000000 0.000000 0.000000 1.000000</float_array>
        <technique_common>
          <accessor source="#mixamorig_Spine2-Matrix-animation-output-transform-array" count="36" stride="16">
            <param type="float4x4"/>
          </accessor>
        </technique_common>
      </source>
      <source id="mixamorig_Spine2-Interpolations">
        <Name_array id="mixamorig_Spine2-Interpolations-array" count="36">
 LINEAR LINEAR LINEAR LINEAR LINEAR LINEAR LINEAR LINEAR LINEAR LINEAR LINEAR
LINEAR LINEAR LINEAR LINEAR LINEAR LINEAR LINEAR LINEAR LINEAR LINEAR LINEAR LINEAR
LINEAR LINEAR LINEAR LINEAR LINEAR LINEAR LINEAR LINEAR LINEAR LINEAR LINEAR LINEAR
LINEAR</Name_array>
        <technique_common>
          <accessor source="#mixamorig_Spine2-Interpolations-array" count="36">
            <param type="name"/>
          </accessor>
        </technique_common>
      </source>
      <sampler id="mixamorig_Spine2-Matrix-animation-transform">
        <input semantic="INPUT" source="#mixamorig_Spine2-Matrix-animation-input"/>
        <input semantic="OUTPUT" source="#mixamorig_Spine2-Matrix-animation-output-transform"/>
        <input semantic="INTERPOLATION" source="#mixamorig_Spine2-Interpolations"/>
      </sampler>
      <channel source="#mixamorig_Spine2-Matrix-animation-transform" target="mixamorig_Spine2/matrix"/>
    </animation>
    <animation id="mixamorig_Neck-anim" name="mixamorig_Neck">
      <source id="mixamorig_Neck-Matrix-animation-input">
        <float_array id="mixamorig_Neck-Matrix-animation-input-array" count="36">

0.000000 0.033333 0.066667 0.100000 0.133333 0.166667 0.200000 0.233333 0.266667 0.300000 0.333333 0.366667 0.400000 0.433333 0.466667 0.500000
0.533333 0.566667 0.600000 0.633333 0.666667 0.700000 0.733333 0.766667 0.800000 0.833333 0.866667 0.900000 0.933333 0.966667 1.000000 1.033333
1.066667 1.100000 1.133333 1.166667</float_array>
        <technique_common>
          <accessor source="#mixamorig_Neck-Matrix-animation-input-array" count="36">
            <param name="TIME" type="float"/>
          </accessor>
        </technique_common>
      </source>
      <source id="mixamorig_Neck-Matrix-animation-output-transform">
        <float_array id="mixamorig_Neck-Matrix-animation-output-transform-array" count="576">

0.999764 0.019835 -0.008873 0.000000 -0.019524 0.999238 0.033792 13.877500 0.009537 -0.033611 0.999390 -4.354200 0.000000 0.000000 0.000000 1.000000
0.999703 0.021313 -0.011832 0.000000 -0.020991 0.999422 0.026736 13.877500 0.012395 -0.026480 0.999573 -4.354200 0.000000 0.000000 0.000000 1.000000
0.999636 0.022736 -0.014491 -0.000000 -0.022427 0.999524 0.021164 13.877500 0.014965 -0.020831 0.999671 -4.354200 0.000000 0.000000 0.000000 1.000000
0.999581 0.023884 -0.016330 0.000000 -0.023590 0.999561 0.017944 13.877500 0.016751 -0.017551 0.999706 -4.354200 0.000000 0.000000 0.000000 1.000000
0.999556 0.024566 -0.016838 0.000000 -0.024264 0.999545 0.017920 13.877500 0.017271 -0.017504 0.999698 -4.354200 0.000000 0.000000 0.000000 1.000000
0.999560 0.024889 -0.016121 0.000000 -0.024558 0.999491 0.020374 13.877500 0.016620 -0.019969 0.999662 -4.354200 0.000000 0.000000 0.000000 1.000000
0.999572 0.025211 -0.014854 0.000000 -0.024858 0.999416 0.023454 13.877500 0.015437 -0.023075 0.999615 -4.354200 0.000000 0.000000 0.000000 1.000000
0.999562 0.026180 -0.013776 0.000000 -0.025822 0.999339 0.025592 13.877500 0.014437 -0.025225 0.999578 -4.354200 0.000000 0.000000 0.000000 1.000000
0.999513 0.028300 -0.013167 0.000000 -0.027938 0.999246 0.026958 13.877500 0.013920 -0.026577 0.999550 -4.354200 0.000000 0.000000 0.000000 1.000000
0.999429 0.031255 -0.012850 0.000000 -0.030889 0.999137 0.027752 13.877500 0.013707 -0.027340 0.999532 -4.354200 0.000000 0.000000 0.000000 1.000000
0.999334 0.034327 -0.012409 0.000000 -0.033966 0.999025 0.028209 13.877500 0.013365 -0.027769 0.999525 -4.354200 0.000000 0.000000 0.000000 1.000000
0.999265 0.036632 -0.011276 -0.000000 -0.036293 0.998923 0.028917 13.877500 0.012324 -0.028486 0.999518 -4.354200 0.000000 0.000000 0.000000 1.000000
0.999255 0.037530 -0.009052 0.000000 -0.037237 0.998838 0.030596 13.877500 0.010190 -0.030236 0.999491 -4.354200 0.000000 0.000000 0.000000 1.000000
0.999299 0.036981 -0.005820 -0.000000 -0.036767 0.998767 0.033365 13.877500 0.007047 -0.033128 0.999426 -4.354200 0.000000 0.000000 0.000000 1.000000
0.999364 0.035595 -0.002215 0.000000 -0.035492 0.998711 0.036292 13.877500 0.003504 -0.036190 0.999339 -4.354200 0.000000 0.000000 0.000000 1.000000
0.999414 0.034221 0.000882 0.000000 -0.034230 0.998693 0.037951 13.877500 0.000418 -0.037959 0.999279 -4.354200 0.000000 0.000000 0.000000 1.000000
0.999441 0.033305 0.002840 0.000000 -0.033388 0.998735 0.037590 13.877500 -0.001584 -0.037664 0.999289 -4.354200 0.000000 0.000000 0.000000 1.000000
0.999463 0.032566 0.003571 0.000000 -0.032673 0.998826 0.035751 13.877500 -0.002402 -0.035849 0.999354 -4.354200 0.000000 0.000000 0.000000 1.000000
0.999503 0.031336 0.003429 0.000000 -0.031434 0.998935 0.033763 13.877500 -0.002367 -0.033854 0.999424 -4.354200 0.000000 0.000000 0.000000 1.000000
0.999566 0.029327 0.002886 -0.000000 -0.029406 0.999030 0.032774 13.877500 -0.001922 -0.032844 0.999459 -4.354200 0.000000 0.000000 0.000000 1.000000
0.999630 0.027097 0.002308 0.000000 -0.027159 0.999079 0.033232 13.877500 -0.001405 -0.033282 0.999445 -4.354200 0.000000 0.000000 0.000000 1.000000
0.999667 0.025735 0.001948 0.000000 -0.025788 0.999053 0.035031 13.877500 -0.001044 -0.035070 0.999384 -4.354200 0.000000 0.000000 0.000000 1.000000
0.999662 0.025917 0.002045 0.000000 -0.025976 0.998946 0.037845 13.877500 -0.001062 -0.037886 0.999282 -4.354200 0.000000 0.000000 0.000000 1.000000
0.999628 0.027140 0.002824 0.000000 -0.027234 0.998774 0.041333 13.877500 -0.001699 -0.041395 0.999141 -4.354200 0.000000 0.000000 0.000000 1.000000
0.999602 0.027867 0.004358 -0.000000 -0.028036 0.998581 0.045269 13.877500 -0.003090 -0.045373 0.998965 -4.354200 0.000000 0.000000 0.000000 1.000000
0.999626 0.026588 0.006398 -0.000000 -0.026873 0.998406 0.049637 13.877500 -0.005068 -0.049790 0.998747 -4.354200 0.000000 0.000000 0.000000 1.000000
0.999701 0.022998 0.008353 0.000000 -0.023420 0.998237 0.054538 13.877500 -0.007084 -0.054717 0.998477 -4.354200 0.000000 0.000000 0.000000 1.000000
0.999787 0.018327 0.009524 0.000000 -0.018865 0.998030 0.059843 13.877500 -0.008408 -0.060010 0.998162 -4.354200 0.000000 0.000000 0.000000 1.000000
0.999850 0.014516 0.009487 0.000000 -0.015102 0.997780 0.064858 13.877500 -0.008524 -0.064991 0.997849 -4.354200 0.000000 0.000000 0.000000 1.000000
0.999883 0.012833 0.008289 -0.000000 -0.013370 0.997571 0.068363 13.877500 -0.007392 -0.068466 0.997626 -4.354200 0.000000 0.000000 0.000000 1.000000
0.999895 0.013104 0.006255 -0.000000 -0.013506 0.997516 0.069134 13.877500 -0.005333 -0.069212 0.997588 -4.354200 0.000000 0.000000 0.000000 1.000000
0.999891 0.014296 0.003661 0.000000 -0.014508 0.997677 0.066559 13.877500 -0.002701 -0.066605 0.997776 -4.354200 0.000000 0.000000 0.000000 1.000000
0.999877 0.015641 0.000675 -0.000000 -0.015653 0.998029 0.060772 13.877500 0.000277 -0.060776 0.998151 -4.354200 0.000000 0.000000 0.000000 1.000000
0.999852 0.016988 -0.002549 -0.000000 -0.016832 0.998492 0.052244 13.877500 0.003432 -0.052193 0.998631 -4.354200 0.000000 0.000000 0.000000 1.000000
0.999814 0.018393 -0.005789 0.000000 -0.018132 0.998941 0.042291 13.877500 0.006561 -0.042178 0.999089 -4.354200 0.000000 0.000000 0.000000 1.000000
0.999764 0.019835 -0.008873 -0.000000 -0.019525 0.999238 0.033792 13.877500 0.009537 -0.033610 0.999390 -4.354200 0.000000 0.000000 0.000000 1.000000</float_array>
        <technique_common>
          <accessor source="#mixamorig_Neck-Matrix-animation-output-transform-array" count="36" stride="16">
            <param type="float4x4"/>
          </accessor>
        </technique_common>
      </source>
      <source id="mixamorig_Neck-Interpolations">
        <Name_array id="mixamorig_Neck-Interpolations-array" count="36">
 LINEAR LINEAR LINEAR LINEAR LINEAR LINEAR LINEAR LINEAR LINEAR LINEAR LINEAR
LINEAR LINEAR LINEAR LINEAR LINEAR LINEAR LINEAR LINEAR LINEAR LINEAR LINEAR LINEAR
LINEAR LINEAR LINEAR LINEAR LINEAR LINEAR LINEAR LINEAR LINEAR LINEAR LINEAR LINEAR
LINEAR</Name_array>
        <technique_common>
          <accessor source="#mixamorig_Neck-Interpolations-array" count="36">
            <param type="name"/>
          </accessor>
        </technique_common>
      </source>
      <sampler id="mixamorig_Neck-Matrix-animation-transform">
        <input semantic="INPUT" source="#mixamorig_Neck-Matrix-animation-input"/>
        <input semantic="OUTPUT" source="#mixamorig_Neck-Matrix-animation-output-transform"/>
        <input semantic="INTERPOLATION" source="#mixamorig_Neck-Interpolations"/>
      </sampler>
      <channel source="#mixamorig_Neck-Matrix-animation-transform" target="mixamorig_Neck/matrix"/>
    </animation>
    <animation id="mixamorig_Neck1-anim" name="mixamorig_Neck1">
      <source id="mixamorig_Neck1-Matrix-animation-input">
        <float_array id="mixamorig_Neck1-Matrix-animation-input-array" count="36">

0.000000 0.033333 0.066667 0.100000 0.133333 0.166667 0.200000 0.233333 0.266667 0.300000 0.333333 0.366667 0.400000 0.433333 0.466667 0.500000
0.533333 0.566667 0.600000 0.633333 0.666667 0.700000 0.733333 0.766667 0.800000 0.833333 0.866667 0.900000 0.933333 0.966667 1.000000 1.033333
1.066667 1.100000 1.133333 1.166667</float_array>
        <technique_common>
          <accessor source="#mixamorig_Neck1-Matrix-animation-input-array" count="36">
            <param name="TIME" type="float"/>
          </accessor>
        </technique_common>
      </source>
      <source id="mixamorig_Neck1-Matrix-animation-output-transform">
        <float_array id="mixamorig_Neck1-Matrix-animation-output-transform-array" count="576">

1.000000 -0.000000 -0.000000 0.000000 0.000000 1.000000 -0.000000 4.340000 0.000000 -0.000000 1.000000 0.926900 0.000000 0.000000 0.000000 1.000000
1.000000 0.000000 -0.000000 -0.000000 -0.000000 1.000000 -0.000000 4.340000 0.000000 0.000000 1.000000 0.926900 0.000000 0.000000 0.000000 1.000000
1.000000 -0.000000 0.000000 -0.000000 -0.000000 1.000000 0.000000 4.340000 0.000000 0.000000 1.000000 0.926900 0.000000 0.000000 0.000000 1.000000
1.000000 0.000000 0.000000 0.000000 0.000000 1.000000 0.000000 4.340000 0.000000 -0.000000 1.000000 0.926900 0.000000 0.000000 0.000000 1.000000
