<?xml version="1.0" encoding="utf-8"?>
<COLLADA xmlns="http://www.collada.org/2005/11/COLLADASchema" version="1.4.1">
  <asset>
    <contributor>
      <author>Mixamo</author>
      <authoring_tool>COLLADA Mixamo exporter</authoring_tool>
      <comments/>
    </contributor>
    <created>2024-02-07T15:07:38Z</created>
    <modified>2024-02-07T15:07:38Z</modified>
    <revision/>
    <title/>
    <unit meter="0.010000"/>
    <up_axis>Y_UP</up_axis>
  </asset>
  <library_animations>
    <animation id="mixamorig_Hips-anim" name="mixamorig_Hips">
      <source id="mixamorig_Hips-Matrix-animation-input">
        <float_array id="mixamorig_Hips-Matrix-animation-input-array" count="79">

0.000000 0.033333 0.066667 0.100000 0.133333 0.166667 0.200000 0.233333 0.266667 0.300000 0.333333 0.366667 0.400000 0.433333 0.466667 0.500000
0.533333 0.566667 0.600000 0.633333 0.666667 0.700000 0.733333 0.766667 0.800000 0.833333 0.866667 0.900000 0.933333 0.966667 1.000000 1.033333
1.066667 1.100000 1.133333 1.166667 1.200000 1.233333 1.266667 1.300000 1.333333 1.366667 1.400000 1.433333 1.466667 1.500000 1.533333 1.566667
1.600000 1.633333 1.666667 1.700000 1.733333 1.766667 1.800000 1.833333 1.866667 1.900000 1.933333 1.966667 2.000000 2.033333 2.066667 2.100000
2.133333 2.166667 2.200000 2.233333 2.266667 2.300000 2.333333 2.366667 2.400000 2.433333 2.466667 2.500000 2.533333 2.566667 2.600000</float_array>
        <technique_common>
          <accessor source="#mixamorig_Hips-Matrix-animation-input-array" count="79">
            <param name="TIME" type="float"/>
          </accessor>
        </technique_common>
      </source>
      <source id="mixamorig_Hips-Matrix-animation-output-transform">
        <float_array id="mixamorig_Hips-Matrix-animation-output-transform-array" count="1264">

0.994055 0.059621 -0.091103 0.018827 -0.053788 0.996422 0.065194 95.628937 0.094664 -0.059906 0.993705 0.008803 0.000000 0.000000 0.000000 1.000000
0.994485 0.049864 -0.092263 0.285066 -0.044229 0.997086 0.062148 94.299171 0.095093 -0.057724 0.993793 -0.488998 0.000000 0.000000 0.000000 1.000000
0.994525 0.036361 -0.097972 0.612516 -0.031216 0.998077 0.053549 92.841209 0.099731 -0.050198 0.993747 -1.469225 0.000000 0.000000 0.000000 1.000000
0.994139 0.016271 -0.106876 1.006302 -0.013257 0.999496 0.028855 91.135674 0.107292 -0.027269 0.993854 -3.059181 0.000000 0.000000 0.000000 1.000000
0.993526 -0.007362 -0.113362 1.405460 0.005375 0.999827 -0.017821 89.067650 0.113474 0.017096 0.993394 -5.206470 0.000000 0.000000 0.000000 1.000000
0.993224 -0.025880 -0.113298 1.715090 0.016625 0.996503 -0.081881 86.475174 0.115021 0.079443 0.990181 -7.626572 0.000000 0.000000 0.000000 1.000000
0.993364 -0.033593 -0.109996 1.902853 0.016893 0.988637 -0.149372 83.298851 0.113764 0.146523 0.982644 -9.985474 0.000000 0.000000 0.000000 1.000000
0.993511 -0.031466 -0.109301 2.025741 0.008301 0.978468 -0.206233 79.604874 0.113436 0.203987 0.972379 -12.145115 0.000000 0.000000 0.000000 1.000000
0.993592 -0.019634 -0.111311 2.146655 -0.008831 0.968302 -0.249627 75.386742 0.112684 0.249010 0.961923 -14.065887 0.000000 0.000000 0.000000 1.000000
0.993792 0.002145 -0.111229 2.258172 -0.034497 0.956475 -0.289768 71.323868 0.105766 0.291806 0.950612 -15.689045 0.000000 0.000000 0.000000 1.000000
0.994032 0.025458 -0.106081 2.352037 -0.059988 0.939737 -0.336595 67.752937 0.091119 0.340950 0.935655 -16.835899 0.000000 0.000000 0.000000 1.000000
0.994563 0.037674 -0.097081 2.434314 -0.072491 0.919768 -0.385711 64.726784 0.074761 0.390651 0.917498 -17.423264 0.000000 0.000000 0.000000 1.000000
0.995568 0.036566 -0.086641 2.494265 -0.070210 0.901943 -0.426110 62.217896 0.062565 0.430304 0.900513 -17.515074 0.000000 0.000000 0.000000 1.000000
0.996522 0.031510 -0.077142 2.543530 -0.063235 0.888854 -0.453806 60.283916 0.054269 0.457106 0.887755 -17.118399 0.000000 0.000000 0.000000 1.000000
0.997042 0.029665 -0.070904 2.646633 -0.059490 0.881965 -0.467545 59.005356 0.048666 0.470380 0.881121 -16.188375 0.000000 0.000000 0.000000 1.000000
0.997151 0.028076 -0.070007 2.837335 -0.057272 0.885796 -0.460526 58.335621 0.049082 0.463224 0.884881 -14.867771 0.000000 0.000000 0.000000 1.000000
0.997011 0.020852 -0.074396 3.030519 -0.050757 0.902733 -0.427196 58.742184 0.058252 0.429695 0.901093 -13.518478 0.000000 0.000000 0.000000 1.000000
0.996650 0.008590 -0.081328 3.078036 -0.038434 0.926999 -0.373088 60.646473 0.072187 0.374964 0.924224 -12.364408 0.000000 0.000000 0.000000 1.000000
0.996264 -0.003953 -0.086264 2.905758 -0.023120 0.950276 -0.310550 63.760815 0.083202 0.311384 0.946635 -11.228498 0.000000 0.000000 0.000000 1.000000
0.996362 -0.014776 -0.083934 2.561649 -0.006457 0.968936 -0.247229 67.987259 0.084980 0.246872 0.965315 -9.787450 0.000000 0.000000 0.000000 1.000000
0.997109 -0.025576 -0.071546 2.185363 0.012142 0.983176 -0.182255 73.422333 0.075003 0.180860 0.980645 -7.935797 0.000000 0.000000 0.000000 1.000000
0.997878 -0.039570 -0.051714 1.938591 0.033438 0.992861 -0.114492 80.503120 0.055875 0.112519 0.992077 -5.742989 0.000000 0.000000 0.000000 1.000000
0.997915 -0.056369 -0.031422 1.927825 0.054520 0.996891 -0.056890 89.455078 0.034531 0.055059 0.997886 -3.120220 0.000000 0.000000 0.000000 1.000000
0.997527 -0.068528 -0.015589 2.136276 0.067843 0.996858 -0.040883 98.537819 0.018342 0.039724 0.999042 -0.099849 0.000000 0.000000 0.000000 1.000000
0.997360 -0.072580 -0.002076 2.246192 0.072165 0.994008 -0.082097 105.400597 0.008023 0.081730 0.996622 2.210791 0.000000 0.000000 0.000000 1.000000
0.997282 -0.072597 0.012567 2.205680 0.073644 0.987279 -0.140915 112.617546 -0.002177 0.141457 0.989942 2.703491 0.000000 0.000000 0.000000 1.000000
0.997230 -0.070126 0.024799 2.047580 0.073255 0.983751 -0.163915 120.480865 -0.012902 0.165277 0.986163 1.395118 0.000000 0.000000 0.000000 1.000000
0.997645 -0.062842 0.027474 1.760863 0.066435 0.984971 -0.159432 126.914200 -0.017042 0.160882 0.986826 -0.916125 0.000000 0.000000 0.000000 1.000000
0.998614 -0.048970 0.019297 1.435015 0.051577 0.983533 -0.173214 132.038345 -0.010497 0.173969 0.984695 -3.461935 0.000000 0.000000 0.000000 1.000000
0.999405 -0.033763 0.007005 1.147906 0.034480 0.976069 -0.214711 135.709290 0.000412 0.214825 0.976652 -6.221338 0.000000 0.000000 0.000000 1.000000
0.999735 -0.023032 0.000608 0.934980 0.022472 0.968935 -0.246294 137.538452 0.005084 0.246242 0.969195 -8.783219 0.000000 0.000000 0.000000 1.000000
0.999903 -0.013593 0.003131 0.789387 0.013947 0.971474 -0.236735 137.657074 0.000176 0.236756 0.971569 -10.295447 0.000000 0.000000 0.000000 1.000000
0.999958 -0.001034 0.009147 0.688771 0.002805 0.980638 -0.195811 136.752975 -0.008767 0.195828 0.980599 -10.629282 0.000000 0.000000 0.000000 1.000000
0.999822 0.013699 0.012936 0.595362 -0.011387 0.986331 -0.164383 135.621033 -0.015011 0.164207 0.986312 -10.463580 0.000000 0.000000 0.000000 1.000000
0.999519 0.027398 0.014519 0.535922 -0.024427 0.984171 -0.175530 134.512817 -0.019098 0.175091 0.984367 -10.067033 0.000000 0.000000 0.000000 1.000000
0.999139 0.037042 0.018707 0.610840 -0.031965 0.974459 -0.222280 133.057068 -0.026463 0.221491 0.974803 -9.134439 0.000000 0.000000 0.000000 1.000000
0.998699 0.043658 0.026355 0.846004 -0.035019 0.962802 -0.267929 130.520493 -0.037071 0.266657 0.963078 -7.559441 0.000000 0.000000 0.000000 1.000000
0.998264 0.050359 0.030553 1.164986 -0.039597 0.957751 -0.284859 126.502869 -0.043607 0.283155 0.958082 -5.647089 0.000000 0.000000 0.000000 1.000000
0.997947 0.058920 0.025100 1.502938 -0.049712 0.959748 -0.276428 121.102806 -0.040377 0.274613 0.960707 -3.721301 0.000000 0.000000 0.000000 1.000000
0.997524 0.068823 0.014439 1.882914 -0.062505 0.961839 -0.266381 114.404510 -0.032222 0.264819 0.963760 -2.031172 0.000000 0.000000 0.000000 1.000000
0.996887 0.077927 0.011959 2.347459 -0.071667 0.958924 -0.274459 106.115250 -0.032856 0.272748 0.961524 -0.885305 0.000000 0.000000 0.000000 1.000000
0.995963 0.085616 0.026979 2.848374 -0.073740 0.951710 -0.298009 96.095421 -0.051191 0.294817 0.954182 -0.649868 0.000000 0.000000 0.000000 1.000000
0.994204 0.093052 0.053851 3.245134 -0.071516 0.946399 -0.314982 85.451782 -0.080274 0.309305 0.947569 -1.662324 0.000000 0.000000 0.000000 1.000000
0.992020 0.099702 0.077170 3.441574 -0.071284 0.948402 -0.308953 75.926315 -0.103992 0.300987 0.947941 -3.738588 0.000000 0.000000 0.000000 1.000000
0.990405 0.105047 0.089792 3.620023 -0.074877 0.954027 -0.290217 68.427505 -0.116150 0.280709 0.952739 -5.580510 0.000000 0.000000 0.000000 1.000000
0.988652 0.110723 0.101527 3.816272 -0.078365 0.956717 -0.280271 63.348434 -0.128165 0.269134 0.954537 -6.693061 0.000000 0.000000 0.000000 1.000000
0.984967 0.118414 0.125767 3.917935 -0.078433 0.955266 -0.285157 60.205929 -0.153908 0.271006 0.950194 -7.861677 0.000000 0.000000 0.000000 1.000000
0.980173 0.123473 0.154971 3.993447 -0.072957 0.952054 -0.297104 58.301174 -0.184225 0.279908 0.942185 -9.145017 0.000000 0.000000 0.000000 1.000000
0.978564 0.119594 0.167657 4.046287 -0.062918 0.948795 -0.309564 57.321411 -0.196094 0.292379 0.935981 -10.271306 0.000000 0.000000 0.000000 1.000000
0.980480 0.112794 0.161050 3.931870 -0.055518 0.944579 -0.323555 57.105568 -0.188619 0.308298 0.932403 -11.026229 0.000000 0.000000 0.000000 1.000000
0.981797 0.113327 0.152418 3.667202 -0.055875 0.939311 -0.338487 57.516560 -0.181527 0.323809 0.928545 -11.450031 0.000000 0.000000 0.000000 1.000000
0.980986 0.122565 0.150480 3.363642 -0.063604 0.935567 -0.347375 58.456364 -0.183360 0.331199 0.925573 -11.729115 0.000000 0.000000 0.000000 1.000000
0.979821 0.133829 0.148463 3.071892 -0.075164 0.934950 -0.346725 59.940929 -0.185207 0.328569 0.926143 -12.032852 0.000000 0.000000 0.000000 1.000000
0.979760 0.142124 0.140967 2.751256 -0.086677 0.935975 -0.341229 61.959301 -0.180438 0.322104 0.929350 -12.271250 0.000000 0.000000 0.000000 1.000000
0.980080 0.148511 0.131860 2.303939 -0.097029 0.937370 -0.334550 64.350983 -0.173285 0.315092 0.933107 -12.181345 0.000000 0.000000 0.000000 1.000000
0.979856 0.154459 0.126587 1.714043 -0.106396 0.940184 -0.323627 66.995956 -0.169002 0.303639 0.937679 -11.768994 0.000000 0.000000 0.000000 1.000000
0.979939 0.155388 0.124797 1.106326 -0.111562 0.946570 -0.302586 70.009430 -0.165147 0.282594 0.944916 -11.289924 0.000000 0.000000 0.000000 1.000000
0.982037 0.143716 0.122270 0.623105 -0.106664 0.957339 -0.268562 73.571213 -0.155651 0.250696 0.955471 -10.868732 0.000000 0.000000 0.000000 1.000000
0.986027 0.119891 0.115658 0.289585 -0.091212 0.969523 -0.227390 77.597687 -0.139395 0.213664 0.966911 -10.448747 0.000000 0.000000 0.000000 1.000000
0.990023 0.094387 0.104617 0.032441 -0.072885 0.978476 -0.193060 81.781868 -0.120588 0.183508 0.975594 -9.984495 0.000000 0.000000 0.000000 1.000000
0.992981 0.075163 0.091323 -0.203177 -0.058579 0.983294 -0.172340 85.725182 -0.102751 0.165781 0.980795 -9.471771 0.000000 0.000000 0.000000 1.000000
0.995219 0.060483 0.076683 -0.406429 -0.048004 0.986710 -0.155242 89.180664 -0.085053 0.150818 0.984896 -8.854499 0.000000 0.000000 0.000000 1.000000
0.997231 0.046754 0.057828 -0.553707 -0.038962 0.990852 -0.129204 91.988693 -0.063340 0.126594 0.989930 -8.063883 0.000000 0.000000 0.000000 1.000000
0.998860 0.035623 0.031791 -0.627037 -0.032416 0.994832 -0.096222 93.817299 -0.035054 0.095082 0.994852 -7.117064 0.000000 0.000000 0.000000 1.000000
0.999537 0.030418 -0.000996 -0.698745 -0.030416 0.997265 -0.067361 94.989014 -0.001056 0.067361 0.997728 -6.181803 0.000000 0.000000 0.000000 1.000000
0.998849 0.030314 -0.037181 -0.779286 -0.032022 0.998418 -0.046223 95.546043 0.035720 0.047360 0.998239 -5.355571 0.000000 0.000000 0.000000 1.000000
0.996906 0.032905 -0.071383 -0.861450 -0.034878 0.999039 -0.026562 95.564850 0.070440 0.028970 0.997095 -4.681598 0.000000 0.000000 0.000000 1.000000
0.994539 0.038060 -0.097175 -0.937654 -0.038374 0.999262 -0.001371 95.492180 0.097051 0.005092 0.995266 -4.148486 0.000000 0.000000 0.000000 1.000000
0.992814 0.046122 -0.110425 -0.988941 -0.043131 0.998639 0.029326 95.427521 0.111627 -0.024353 0.993452 -3.676970 0.000000 0.000000 0.000000 1.000000
0.992196 0.053998 -0.112386 -0.991679 -0.047707 0.997180 0.057933 95.423798 0.115198 -0.052119 0.991974 -3.173574 0.000000 0.000000 0.000000 1.000000
0.992511 0.057476 -0.107787 -0.933239 -0.049418 0.995883 0.075994 95.509010 0.111711 -0.070098 0.991265 -2.614412 0.000000 0.000000 0.000000 1.000000
0.993377 0.055952 -0.100357 -0.818526 -0.047790 0.995488 0.081972 95.595879 0.104490 -0.076633 0.991569 -2.047443 0.000000 0.000000 0.000000 1.000000
0.994266 0.053018 -0.092861 -0.655427 -0.045433 0.995598 0.081979 95.615372 0.096799 -0.077290 0.992298 -1.514460 0.000000 0.000000 0.000000 1.000000
0.994640 0.052513 -0.089068 -0.498263 -0.045157 0.995552 0.082684 95.579826 0.093014 -0.078219 0.992588 -1.086517 0.000000 0.000000 0.000000 1.000000
0.994420 0.054193 -0.090513 -0.344737 -0.046599 0.995375 0.084010 95.527992 0.094647 -0.079323 0.992346 -0.746124 0.000000 0.000000 0.000000 1.000000
0.993949 0.056393 -0.094261 -0.206164 -0.048663 0.995411 0.082391 95.497475 0.098475 -0.077305 0.992132 -0.484686 0.000000 0.000000 0.000000 1.000000
0.993688 0.058055 -0.095984 -0.099101 -0.050716 0.995724 0.077209 95.512489 0.100056 -0.071854 0.992384 -0.288487 0.000000 0.000000 0.000000 1.000000
0.993790 0.058944 -0.094374 -0.027370 -0.052347 0.996107 0.070924 95.565102 0.098187 -0.065544 0.993007 -0.129303 0.000000 0.000000 0.000000 1.000000
0.994055 0.059621 -0.091103 0.018828 -0.053788 0.996422 0.065194 95.628937 0.094664 -0.059906 0.993705 0.008803 0.000000 0.000000 0.000000 1.000000</float_array>
        <technique_common>
          <accessor source="#mixamorig_Hips-Matrix-animation-output-transform-array" count="79" stride="16">
            <param type="float4x4"/>
          </accessor>
        </technique_common>
      </source>
      <source id="mixamorig_Hips-Interpolations">
        <Name_array id="mixamorig_Hips-Interpolations-array" count="79">
 LINEAR LINEAR LINEAR LINEAR LINEAR LINEAR LINEAR LINEAR LINEAR LINEAR LINEAR
LINEAR LINEAR LINEAR LINEAR LINEAR LINEAR LINEAR LINEAR LINEAR LINEAR LINEAR LINEAR
LINEAR LINEAR LINEAR LINEAR LINEAR LINEAR LINEAR LINEAR LINEAR LINEAR LINEAR LINEAR
LINEAR LINEAR LINEAR LINEAR LINEAR LINEAR LINEAR LINEAR LINEAR LINEAR LINEAR LINEAR
LINEAR LINEAR LINEAR LINEAR LINEAR LINEAR LINEAR LINEAR LINEAR LINEAR LINEAR LINEAR
LINEAR LINEAR LINEAR LINEAR LINEAR LINEAR LINEAR LINEAR LINEAR LINEAR LINEAR LINEAR
LINEAR LINEAR LINEAR LINEAR LINEAR LINEAR LINEAR LINEAR</Name_array>
        <technique_common>
          <accessor source="#mixamorig_Hips-Interpolations-array" count="79">
            <param type="name"/>
          </accessor>
        </technique_common>
      </source>
      <sampler id="mixamorig_Hips-Matrix-animation-transform">
        <input semantic="INPUT" source="#mixamorig_Hips-Matrix-animation-input"/>
        <input semantic="OUTPUT" source="#mixamorig_Hips-Matrix-animation-output-transform"/>
        <input semantic="INTERPOLATION" source="#mixamorig_Hips-Interpolations"/>
      </sampler>
      <channel source="#mixamorig_Hips-Matrix-animation-transform" target="mixamorig_Hips/matrix"/>
    </animation>
    <animation id="mixamorig_Spine-anim" name="mixamorig_Spine">
      <source id="mixamorig_Spine-Matrix-animation-input">
        <float_array id="mixamorig_Spine-Matrix-animation-input-array" count="79">

0.000000 0.033333 0.066667 0.100000 0.133333 0.166667 0.200000 0.233333 0.266667 0.300000 0.333333 0.366667 0.400000 0.433333 0.466667 0.500000
0.533333 0.566667 0.600000 0.633333 0.666667 0.700000 0.733333 0.766667 0.800000 0.833333 0.866667 0.900000 0.933333 0.966667 1.000000 1.033333
1.066667 1.100000 1.133333 1.166667 1.200000 1.233333 1.266667 1.300000 1.333333 1.366667 1.400000 1.433333 1.466667 1.500000 1.533333 1.566667
1.600000 1.633333 1.666667 1.700000 1.733333 1.766667 1.800000 1.833333 1.866667 1.900000 1.933333 1.966667 2.000000 2.033333 2.066667 2.100000
2.133333 2.166667 2.200000 2.233333 2.266667 2.300000 2.333333 2.366667 2.400000 2.433333 2.466667 2.500000 2.533333 2.566667 2.600000</float_array>
        <technique_common>
          <accessor source="#mixamorig_Spine-Matrix-animation-input-array" count="79">
            <param name="TIME" type="float"/>
          </accessor>
        </technique_common>
      </source>
      <source id="mixamorig_Spine-Matrix-animation-output-transform">
        <float_array id="mixamorig_Spine-Matrix-animation-output-transform-array" count="1264">

0.998767 -0.042139 0.026233 0.000000 0.043349 0.997934 -0.047424 9.226300 -0.024180 0.048503 0.998530 1.577100 0.000000 0.000000 0.000000 1.000000
0.998954 -0.038424 0.024793 0.000000 0.040448 0.995377 -0.087114 9.226300 -0.021331 0.088026 0.995890 1.577100 0.000000 0.000000 0.000000 1.000000
0.999314 -0.030136 0.021509 0.000000 0.032866 0.989528 -0.140551 9.226300 -0.017048 0.141162 0.989840 1.577100 0.000000 0.000000 0.000000 1.000000
0.999756 -0.014942 0.016263 -0.000000 0.017879 0.979879 -0.198790 9.226300 -0.012966 0.199032 0.979907 1.577100 0.000000 0.000000 0.000000 1.000000
0.999923 0.005472 0.011133 0.000000 -0.002510 0.968141 -0.250395 9.226300 -0.012148 0.250347 0.968080 1.577100 0.000000 0.000000 0.000000 1.000000
0.999617 0.026142 0.009117 0.000000 -0.022327 0.955886 -0.292888 9.226300 -0.016372 0.292572 0.956103 1.577100 0.000000 0.000000 0.000000 1.000000
0.999077 0.041820 0.009796 -0.000000 -0.036065 0.940645 -0.337472 9.226300 -0.023327 0.336807 0.941285 1.577100 0.000000 0.000000 0.000000 1.000000
0.998830 0.047597 0.008602 -0.000000 -0.040320 0.917601 -0.395452 9.226300 -0.026715 0.394642 0.918446 1.577100 0.000000 0.000000 0.000000 1.000000
0.999201 0.039894 0.002433 -0.000000 -0.034240 0.885817 -0.462771 9.226300 -0.020617 0.462318 0.886475 1.577100 0.000000 0.000000 0.000000 1.000000
0.999753 0.021472 -0.005689 0.000000 -0.021271 0.851671 -0.523645 9.226300 -0.006399 0.523636 0.851918 1.577100 0.000000 0.000000 0.000000 1.000000
0.999947 0.003744 -0.009582 0.000000 -0.008520 0.823425 -0.567361 9.226300 0.005765 0.567413 0.823413 1.577100 0.000000 0.000000 0.000000 1.000000
0.999978 -0.001435 -0.006543 0.000000 -0.002747 0.803062 -0.595889 9.226300 0.006109 0.595894 0.803040 1.577100 0.000000 0.000000 0.000000 1.000000
0.999978 0.006592 0.000878 0.000000 -0.004653 0.787851 -0.615848 9.226300 -0.004751 0.615831 0.787864 1.577100 0.000000 0.000000 0.000000 1.000000
0.999814 0.017115 0.008847 0.000000 -0.007744 0.777497 -0.628838 9.226300 -0.017641 0.628653 0.777486 1.577100 0.000000 0.000000 0.000000 1.000000
0.999668 0.020359 0.015791 -0.000000 -0.005756 0.773859 -0.633332 9.226300 -0.025114 0.633031 0.773719 1.577100 0.000000 0.000000 0.000000 1.000000
0.999613 0.017077 0.021969 0.000000 0.000614 0.775787 -0.630994 9.226300 -0.027819 0.630763 0.775477 1.577100 0.000000 0.000000 0.000000 1.000000
0.999522 0.014633 0.027251 -0.000000 0.005565 0.781582 -0.623777 9.226300 -0.030427 0.623630 0.781127 1.577100 0.000000 0.000000 0.000000 1.000000
0.999386 0.017338 0.030436 0.000000 0.004679 0.795023 -0.606561 9.226300 -0.034714 0.606331 0.794454 1.577100 0.000000 0.000000 0.000000 1.000000
0.999258 0.024106 0.030055 -0.000000 -0.002597 0.820456 -0.571703 9.226300 -0.038441 0.571201 0.819910 1.577100 0.000000 0.000000 0.000000 1.000000
0.999161 0.032105 0.025430 0.000000 -0.013962 0.850719 -0.525436 9.226300 -0.038503 0.524640 0.850453 1.577100 0.000000 0.000000 0.000000 1.000000
0.999146 0.037830 0.016591 0.000000 -0.024828 0.870965 -0.490717 9.226300 -0.033013 0.489887 0.871161 1.577100 0.000000 0.000000 0.000000 1.000000
0.999296 0.037250 0.004424 0.000000 -0.030658 0.878962 -0.475905 9.226300 -0.021616 0.475435 0.879485 1.577100 0.000000 0.000000 0.000000 1.000000
0.999505 0.030319 -0.008362 -0.000000 -0.030859 0.894092 -0.446819 9.226300 -0.006070 0.446856 0.894585 1.577100 0.000000 0.000000 0.000000 1.000000
0.999591 0.022272 -0.017957 0.000000 -0.027236 0.932915 -0.359065 9.226300 0.008755 0.359407 0.933140 1.577100 0.000000 0.000000 0.000000 1.000000
0.999486 0.019223 -0.025671 0.000000 -0.024507 0.974109 -0.224747 9.226300 0.020686 0.225260 0.974079 1.577100 0.000000 0.000000 0.000000 1.000000
0.999143 0.020047 -0.036221 0.000000 -0.024453 0.991777 -0.125620 9.226300 0.033405 0.126398 0.991417 1.577100 0.000000 0.000000 0.000000 1.000000
0.998759 0.015271 -0.047409 0.000000 -0.021261 0.991477 -0.128537 9.226300 0.045042 0.129386 0.990571 1.577100 0.000000 0.000000 0.000000 1.000000
0.998813 0.001545 -0.048681 0.000000 -0.012184 0.975640 -0.219037 9.226300 0.047157 0.219370 0.974501 1.577100 0.000000 0.000000 0.000000 1.000000
0.999391 -0.014408 -0.031793 -0.000000 0.002726 0.940270 -0.340420 9.226300 0.034799 0.340125 0.939736 1.577100 0.000000 0.000000 0.000000 1.000000
0.999691 -0.024848 -0.001077 0.000000 0.021563 0.887479 -0.460344 9.226300 0.012395 0.460179 0.887740 1.577100 0.000000 0.000000 0.000000 1.000000
0.999174 -0.027969 0.029475 0.000000 0.039841 0.816894 -0.575410 9.226300 -0.007984 0.576110 0.817333 1.577100 0.000000 0.000000 0.000000 1.000000
0.998425 -0.027133 0.049108 0.000000 0.053278 0.732871 -0.678278 9.226300 -0.017586 0.679826 0.733162 1.577100 0.000000 0.000000 0.000000 1.000000
0.998119 -0.024484 0.056197 0.000000 0.058407 0.658102 -0.750660 9.226300 -0.018604 0.752530 0.658295 1.577100 0.000000 0.000000 0.000000 1.000000
0.998217 -0.020669 0.055994 0.000000 0.056584 0.626274 -0.777547 9.226300 -0.018997 0.779329 0.626327 1.577100 0.000000 0.000000 0.000000 1.000000
0.998294 -0.019001 0.055209 0.000000 0.054084 0.657239 -0.751740 9.226300 -0.022002 0.753443 0.657145 1.577100 0.000000 0.000000 0.000000 1.000000
0.998038 -0.024210 0.057750 0.000000 0.056879 0.736200 -0.674370 9.226300 -0.026189 0.676331 0.736132 1.577100 0.000000 0.000000 0.000000 1.000000
0.997388 -0.035857 0.062707 0.000000 0.065123 0.821966 -0.565801 9.226300 -0.031255 0.568406 0.822154 1.577100 0.000000 0.000000 0.000000 1.000000
0.996705 -0.047797 0.065536 0.000000 0.072787 0.883605 -0.462541 9.226300 -0.035800 0.465787 0.884173 1.577100 0.000000 0.000000 0.000000 1.000000
0.996539 -0.055435 0.061948 -0.000000 0.075138 0.919460 -0.385937 9.226300 -0.035564 0.389256 0.920443 1.577100 0.000000 0.000000 0.000000 1.000000
0.996833 -0.060264 0.051895 -0.000000 0.074093 0.940836 -0.330662 9.226300 -0.028898 0.333460 0.942321 1.577100 0.000000 0.000000 0.000000 1.000000
0.996877 -0.067578 0.040851 0.000000 0.076642 0.952595 -0.294430 9.226300 -0.019018 0.296642 0.954799 1.577100 0.000000 0.000000 0.000000 1.000000
0.995924 -0.082467 0.036533 -0.000000 0.089659 0.949314 -0.301271 9.226300 -0.009837 0.303319 0.952838 1.577100 0.000000 0.000000 0.000000 1.000000
0.993701 -0.103815 0.042198 0.000000 0.112064 0.919606 -0.376519 9.226300 0.000283 0.378877 0.925447 1.577100 0.000000 0.000000 0.000000 1.000000
0.991513 -0.118995 0.052358 0.000000 0.129125 0.854660 -0.502875 9.226300 0.015092 0.505368 0.862772 1.577100 0.000000 0.000000 0.000000 1.000000
0.991728 -0.114749 0.057522 0.000000 0.125264 0.767377 -0.628841 9.226300 0.028017 0.630845 0.775403 1.577100 0.000000 0.000000 0.000000 1.000000
0.993624 -0.097890 0.055934 -0.000000 0.107938 0.682630 -0.722749 9.226300 0.032568 0.724178 0.688843 1.577100 0.000000 0.000000 0.000000 1.000000
0.994280 -0.090352 0.056950 -0.000000 0.100257 0.605768 -0.789299 9.226300 0.036816 0.790494 0.611362 1.577100 0.000000 0.000000 0.000000 1.000000
0.992714 -0.098195 0.069827 -0.000000 0.111478 0.528589 -0.841526 9.226300 0.045724 0.843179 0.535685 1.577100 0.000000 0.000000 0.000000 1.000000
0.990507 -0.102726 0.091345 0.000000 0.128460 0.455171 -0.881089 9.226300 0.048933 0.884458 0.464046 1.577100 0.000000 0.000000 0.000000 1.000000
0.989978 -0.091024 0.107975 0.000000 0.135807 0.403899 -0.904667 9.226300 0.038736 0.910264 0.412212 1.577100 0.000000 0.000000 0.000000 1.000000
0.991093 -0.075819 0.109478 -0.000000 0.130422 0.386519 -0.913013 9.226300 0.026909 0.919160 0.392965 1.577100 0.000000 0.000000 0.000000 1.000000
0.992411 -0.075400 0.097135 0.000000 0.119241 0.397177 -0.909963 9.226300 0.030031 0.914639 0.403154 1.577100 0.000000 0.000000 0.000000 1.000000
0.992852 -0.088701 0.079856 0.000000 0.110238 0.425099 -0.898409 9.226300 0.045743 0.900790 0.431839 1.577100 0.000000 0.000000 0.000000 1.000000
0.992770 -0.100814 0.065154 0.000000 0.105282 0.470598 -0.876044 9.226300 0.057656 0.876570 0.477809 1.577100 0.000000 0.000000 0.000000 1.000000
0.993109 -0.103800 0.054398 -0.000000 0.102172 0.539567 -0.835720 9.226300 0.057397 0.835519 0.546455 1.577100 0.000000 0.000000 0.000000 1.000000
0.993806 -0.101611 0.045006 0.000000 0.098954 0.624774 -0.774510 9.226300 0.050580 0.774166 0.630958 1.577100 0.000000 0.000000 0.000000 1.000000
0.994569 -0.098019 0.034985 0.000000 0.094199 0.704878 -0.703046 9.226300 0.044252 0.702524 0.710283 1.577100 0.000000 0.000000 0.000000 1.000000
0.995667 -0.089583 0.024956 0.000000 0.084810 0.764639 -0.638854 9.226300 0.038148 0.638202 0.768923 1.577100 0.000000 0.000000 0.000000 1.000000
0.997204 -0.072746 0.017070 0.000000 0.068883 0.806442 -0.587287 9.226300 0.028957 0.586821 0.809199 1.577100 0.000000 0.000000 0.000000 1.000000
0.998600 -0.051299 0.012911 0.000000 0.050174 0.841187 -0.538412 9.226300 0.016759 0.538306 0.842583 1.577100 0.000000 0.000000 0.000000 1.000000
0.999395 -0.032522 0.012329 0.000000 0.034426 0.874585 -0.483648 9.226300 0.004947 0.483780 0.875176 1.577100 0.000000 0.000000 0.000000 1.000000
0.999722 -0.019075 0.013880 -0.000000 0.023174 0.904148 -0.426591 9.226300 -0.004412 0.426794 0.904338 1.577100 0.000000 0.000000 0.000000 1.000000
0.999811 -0.009001 0.017209 0.000000 0.014802 0.926830 -0.375189 9.226300 -0.012573 0.375373 0.926789 1.577100 0.000000 0.000000 0.000000 1.000000
0.999727 -0.000532 0.023354 0.000000 0.008213 0.943913 -0.330091 9.226300 -0.021869 0.330193 0.943660 1.577100 0.000000 0.000000 0.000000 1.000000
0.999442 0.005941 0.032856 0.000000 0.003732 0.958000 -0.286744 9.226300 -0.033180 0.286707 0.957444 1.577100 0.000000 0.000000 0.000000 1.000000
0.998993 0.009272 0.043895 0.000000 0.001790 0.969395 -0.245499 9.226300 -0.044828 0.245330 0.968403 1.577100 0.000000 0.000000 0.000000 1.000000
0.998563 0.008146 0.052961 0.000000 0.003346 0.976968 -0.213361 9.226300 -0.053479 0.213231 0.975537 1.577100 0.000000 0.000000 0.000000 1.000000
0.998349 0.000976 0.057430 0.000000 0.010223 0.980873 -0.194381 9.226300 -0.056522 0.194647 0.979243 1.577100 0.000000 0.000000 0.000000 1.000000
0.998288 -0.012195 0.057197 0.000000 0.022440 0.983030 -0.182068 9.226300 -0.054007 0.183040 0.981621 1.577100 0.000000 0.000000 0.000000 1.000000
0.998201 -0.027091 0.053493 0.000000 0.035576 0.985709 -0.164660 9.226300 -0.048268 0.166267 0.984899 1.577100 0.000000 0.000000 0.000000 1.000000
0.998172 -0.037914 0.047058 0.000000 0.044051 0.989578 -0.137094 9.226300 -0.041370 0.138917 0.989440 1.577100 0.000000 0.000000 0.000000 1.000000
0.998369 -0.042352 0.038281 0.000000 0.046193 0.993317 -0.105770 9.226300 -0.033546 0.107366 0.993653 1.577100 0.000000 0.000000 0.000000 1.000000
0.998648 -0.043055 0.029125 -0.000000 0.045298 0.995656 -0.081350 9.226300 -0.025496 0.082559 0.996260 1.577100 0.000000 0.000000 0.000000 1.000000
0.998774 -0.043761 0.023137 0.000000 0.045254 0.996624 -0.068510 9.226300 -0.020061 0.069473 0.997382 1.577100 0.000000 0.000000 0.000000 1.000000
0.998718 -0.045352 0.022468 0.000000 0.046696 0.996893 -0.063438 9.226300 -0.019521 0.064406 0.997733 1.577100 0.000000 0.000000 0.000000 1.000000
0.998594 -0.046461 0.025530 0.000000 0.047918 0.997061 -0.059782 9.226300 -0.022677 0.060921 0.997885 1.577100 0.000000 0.000000 0.000000 1.000000
0.998533 -0.046034 0.028495 0.000000 0.047548 0.997357 -0.054938 9.226300 -0.025891 0.056212 0.998083 1.577100 0.000000 0.000000 0.000000 1.000000
0.998602 -0.044314 0.028798 0.000000 0.045722 0.997692 -0.050200 9.226300 -0.026507 0.051447 0.998324 1.577100 0.000000 0.000000 0.000000 1.000000
0.998767 -0.042139 0.026233 0.000000 0.043349 0.997934 -0.047424 9.226300 -0.024180 0.048503 0.998530 1.577100 0.000000 0.000000 0.000000 1.000000</float_array>
        <technique_common>
          <accessor source="#mixamorig_Spine-Matrix-animation-output-transform-array" count="79" stride="16">
            <param type="float4x4"/>
          </accessor>
        </technique_common>
      </source>
      <source id="mixamorig_Spine-Interpolations">
        <Name_array id="mixamorig_Spine-Interpolations-array" count="79">
 LINEAR LINEAR LINEAR LINEAR LINEAR LINEAR LINEAR LINEAR LINEAR LINEAR LINEAR
LINEAR LINEAR LINEAR LINEAR LINEAR LINEAR LINEAR LINEAR LINEAR LINEAR LINEAR LINEAR
LINEAR LINEAR LINEAR LINEAR LINEAR LINEAR LINEAR LINEAR LINEAR LINEAR LINEAR LINEAR
LINEAR LINEAR LINEAR LINEAR LINEAR LINEAR LINEAR LINEAR LINEAR LINEAR LINEAR LINEAR
LINEAR LINEAR LINEAR LINEAR LINEAR LINEAR LINEAR LINEAR LINEAR LINEAR LINEAR LINEAR
LINEAR LINEAR LINEAR LINEAR LINEAR LINEAR LINEAR LINEAR LINEAR LINEAR LINEAR LINEAR
LINEAR LINEAR LINEAR LINEAR LINEAR LINEAR LINEAR LINEAR</Name_array>
        <technique_common>
          <accessor source="#mixamorig_Spine-Interpolations-array" count="79">
            <param type="name"/>
          </accessor>
        </technique_common>
      </source>
      <sampler id="mixamorig_Spine-Matrix-animation-transform">
        <input semantic="INPUT" source="#mixamorig_Spine-Matrix-animation-input"/>
        <input semantic="OUTPUT" source="#mixamorig_Spine-Matrix-animation-output-transform"/>
        <input semantic="INTERPOLATION" source="#mixamorig_Spine-Interpolations"/>
      </sampler>
      <channel source="#mixamorig_Spine-Matrix-animation-transform" target="mixamorig_Spine/matrix"/>
    </animation>
    <animation id="mixamorig_Spine1-anim" name="mixamorig_Spine1">
      <source id="mixamorig_Spine1-Matrix-animation-input">
        <float_array id="mixamorig_Spine1-Matrix-animation-input-array" count="79">

0.000000 0.033333 0.066667 0.100000 0.133333 0.166667 0.200000 0.233333 0.266667 0.300000 0.333333 0.366667 0.400000 0.433333 0.466667 0.500000
0.533333 0.566667 0.600000 0.633333 0.666667 0.700000 0.733333 0.766667 0.800000 0.833333 0.866667 0.900000 0.933333 0.966667 1.000000 1.033333
1.066667 1.100000 1.133333 1.166667 1.200000 1.233333 1.266667 1.300000 1.333333 1.366667 1.400000 1.433333 1.466667 1.500000 1.533333 1.566667
1.600000 1.633333 1.666667 1.700000 1.733333 1.766667 1.800000 1.833333 1.866667 1.900000 1.933333 1.966667 2.000000 2.033333 2.066667 2.100000
2.133333 2.166667 2.200000 2.233333 2.266667 2.300000 2.333333 2.366667 2.400000 2.433333 2.466667 2.500000 2.533333 2.566667 2.600000</float_array>
        <technique_common>
          <accessor source="#mixamorig_Spine1-Matrix-animation-input-array" count="79">
            <param name="TIME" type="float"/>
          </accessor>
        </technique_common>
      </source>
      <source id="mixamorig_Spine1-Matrix-animation-output-transform">
        <float_array id="mixamorig_Spine1-Matrix-animation-output-transform-array" count="1264">

0.999616 -0.027522 0.003163 0.000000 0.027262 0.997565 0.064196 16.254900 -0.004922 -0.064085 0.997932 -0.000000 0.000000 0.000000 0.000000 1.000000
0.999718 -0.023574 0.002867 0.000000 0.023274 0.996591 0.079153 16.254900 -0.004723 -0.079064 0.996858 0.000000 0.000000 0.000000 0.000000 1.000000
0.999819 -0.018850 0.002598 0.000000 0.018523 0.995412 0.093874 16.254900 -0.004356 -0.093809 0.995581 0.000000 0.000000 0.000000 0.000000 1.000000
0.999894 -0.014343 0.002433 0.000000 0.014011 0.994465 0.104127 16.254900 -0.003913 -0.104082 0.994561 0.000000 0.000000 0.000000 0.000000 1.000000
0.999926 -0.011918 0.002496 0.000000 0.011586 0.994284 0.106137 16.254900 -0.003746 -0.106100 0.994348 0.000000 0.000000 0.000000 0.000000 1.000000
0.999908 -0.013242 0.002859 -0.000000 0.012887 0.994839 0.100645 16.254900 -0.004177 -0.100599 0.994918 0.000000 0.000000 0.000000 0.000000 1.000000
0.999836 -0.017834 0.003288 0.000000 0.017449 0.995488 0.093268 16.254900 -0.004936 -0.093195 0.995636 0.000000 0.000000 0.000000 0.000000 1.000000
0.999743 -0.022441 0.003199 0.000000 0.022068 0.995795 0.088917 16.254900 -0.005181 -0.088824 0.996034 0.000000 0.000000 0.000000 0.000000 1.000000
0.999722 -0.023481 0.002176 -0.000000 0.023201 0.995893 0.087515 16.254900 -0.004222 -0.087440 0.996161 0.000000 0.000000 0.000000 0.000000 1.000000
0.999785 -0.020713 0.000560 -0.000000 0.020585 0.995987 0.087098 16.254900 -0.002362 -0.087068 0.996200 0.000000 0.000000 0.000000 0.000000 1.000000
0.999844 -0.017640 -0.000728 0.000000 0.017635 0.995934 0.088348 16.254900 -0.000834 -0.088347 0.996089 0.000000 0.000000 0.000000 0.000000 1.000000
0.999842 -0.017760 -0.001044 0.000000 0.017780 0.995507 0.093008 16.254900 -0.000613 -0.093012 0.995665 0.000000 0.000000 0.000000 0.000000 1.000000
0.999773 -0.021316 -0.000546 0.000000 0.021265 0.994823 0.099370 16.254900 -0.001575 -0.099359 0.995050 0.000000 0.000000 0.000000 0.000000 1.000000
0.999663 -0.025972 0.000136 -0.000000 0.025820 0.994342 0.103039 16.254900 -0.002812 -0.103001 0.994677 0.000000 0.000000 0.000000 0.000000 1.000000
0.999572 -0.029261 0.000596 0.000000 0.029045 0.994288 0.102704 16.254900 -0.003598 -0.102643 0.994712 0.000000 0.000000 0.000000 0.000000 1.000000
0.999554 -0.029843 0.000910 -0.000000 0.029595 0.994334 0.102096 16.254900 -0.003952 -0.102023 0.994774 0.000000 0.000000 0.000000 0.000000 1.000000
0.999615 -0.027717 0.001327 -0.000000 0.027426 0.994152 0.104451 16.254900 -0.004214 -0.104375 0.994529 0.000000 0.000000 0.000000 0.000000 1.000000
0.999704 -0.024252 0.001843 0.000000 0.023912 0.993896 0.107695 16.254900 -0.004444 -0.107619 0.994182 0.000000 0.000000 0.000000 0.000000 1.000000
0.999767 -0.021476 0.002166 0.000000 0.021113 0.993836 0.108831 16.254900 -0.004490 -0.108759 0.994058 -0.000000 0.000000 0.000000 0.000000 1.000000
0.999801 -0.019859 0.002025 0.000000 0.019507 0.993503 0.112126 16.254900 -0.004239 -0.112064 0.993692 0.000000 0.000000 0.000000 0.000000 1.000000
0.999859 -0.016707 0.001386 0.000000 0.016397 0.991802 0.126728 16.254900 -0.003492 -0.126687 0.991937 -0.000000 0.000000 0.000000 0.000000 1.000000
0.999962 -0.008683 0.000394 -0.000000 0.008522 0.988401 0.151626 16.254900 -0.001706 -0.151617 0.988438 0.000000 0.000000 0.000000 0.000000 1.000000
0.999994 0.003319 -0.000759 -0.000000 -0.003144 0.985698 0.168490 16.254900 0.001307 -0.168487 0.985703 0.000000 0.000000 0.000000 0.000000 1.000000
0.999903 0.013803 -0.002012 0.000000 -0.013307 0.987174 0.159092 16.254900 0.004183 -0.159050 0.987262 0.000000 0.000000 0.000000 0.000000 1.000000
0.999826 0.018334 -0.003501 0.000000 -0.017740 0.991723 0.127166 16.254900 0.005804 -0.127081 0.991875 0.000000 0.000000 0.000000 0.000000 1.000000
0.999827 0.017840 -0.005328 0.000000 -0.017268 0.995523 0.092925 16.254900 0.006962 -0.092817 0.995659 0.000000 0.000000 0.000000 0.000000 1.000000
0.999841 0.016321 -0.007158 -0.000000 -0.015779 0.997409 0.070189 16.254900 0.008285 -0.070065 0.997508 -0.000000 0.000000 0.000000 0.000000 1.000000
0.999834 0.016297 -0.008119 -0.000000 -0.015765 0.997966 0.061774 16.254900 0.009109 -0.061636 0.998057 0.000000 0.000000 0.000000 0.000000 1.000000
0.999813 0.017794 -0.007544 0.000000 -0.017211 0.997300 0.071393 16.254900 0.008794 -0.071250 0.997420 0.000000 0.000000 0.000000 0.000000 1.000000
0.999784 0.019942 -0.005878 -0.000000 -0.019237 0.994571 0.102271 16.254900 0.007886 -0.102136 0.994739 0.000000 0.000000 0.000000 0.000000 1.000000
0.999762 0.021331 -0.004478 0.000000 -0.020458 0.989258 0.144742 16.254900 0.007517 -0.144616 0.989459 0.000000 0.000000 0.000000 0.000000 1.000000
0.999794 0.019819 -0.004466 0.000000 -0.018691 0.983481 0.180042 16.254900 0.007960 -0.179922 0.983649 0.000000 0.000000 0.000000 0.000000 1.000000
0.999878 0.014471 -0.005871 0.000000 -0.013024 0.980162 0.197769 16.254900 0.008616 -0.197668 0.980231 0.000000 0.000000 0.000000 0.000000 1.000000
0.999940 0.007657 -0.007828 0.000000 -0.005934 0.979725 0.200260 16.254900 0.009203 -0.200201 0.979712 0.000000 0.000000 0.000000 0.000000 1.000000
0.999948 0.003623 -0.009500 0.000000 -0.001731 0.981380 0.192069 16.254900 0.010019 -0.192043 0.981335 0.000000 0.000000 0.000000 0.000000 1.000000
0.999933 0.004351 -0.010763 0.000000 -0.002402 0.984588 0.174874 16.254900 0.011358 -0.174837 0.984532 0.000000 0.000000 0.000000 0.000000 1.000000
0.999899 0.007410 -0.012144 0.000000 -0.005478 0.988358 0.152047 16.254900 0.013129 -0.151965 0.988299 0.000000 0.000000 0.000000 0.000000 1.000000
0.999861 0.008636 -0.014256 -0.000000 -0.006717 0.991545 0.129592 16.254900 0.015255 -0.129479 0.991465 -0.000000 0.000000 0.000000 0.000000 1.000000
0.999830 0.006290 -0.017344 -0.000000 -0.004329 0.993830 0.110832 16.254900 0.017934 -0.110738 0.993688 -0.000000 0.000000 0.000000 0.000000 1.000000
0.999774 0.001518 -0.021200 0.000000 0.000534 0.995335 0.096479 16.254900 0.021247 -0.096469 0.995109 -0.000000 0.000000 0.000000 0.000000 1.000000
0.999672 -0.003949 -0.025322 -0.000000 0.006239 0.995831 0.091003 16.254900 0.024857 -0.091131 0.995529 -0.000000 0.000000 0.000000 0.000000 1.000000
0.999537 -0.008527 -0.029214 -0.000000 0.011445 0.994799 0.101208 16.254900 0.028199 -0.101495 0.994436 0.000000 0.000000 0.000000 0.000000 1.000000
0.999402 -0.011445 -0.032641 -0.000000 0.015433 0.992078 0.124671 16.254900 0.030955 -0.125100 0.991661 0.000000 0.000000 0.000000 0.000000 1.000000
0.999239 -0.015716 -0.035709 0.000000 0.020804 0.988928 0.146934 16.254900 0.033005 -0.147565 0.988502 0.000000 0.000000 0.000000 0.000000 1.000000
0.998894 -0.026533 -0.038813 0.000000 0.032353 0.986912 0.157981 16.254900 0.034113 -0.159062 0.986679 0.000000 0.000000 0.000000 0.000000 1.000000
0.998183 -0.042897 -0.042305 0.000000 0.049346 0.984963 0.165568 16.254900 0.034567 -0.167355 0.985291 0.000000 0.000000 0.000000 0.000000 1.000000
0.997361 -0.056218 -0.045933 0.000000 0.063703 0.981168 0.182349 16.254900 0.034817 -0.184794 0.982160 0.000000 0.000000 0.000000 0.000000 1.000000
0.996936 -0.061232 -0.048684 0.000000 0.070017 0.975994 0.206235 16.254900 0.034887 -0.209011 0.977291 0.000000 0.000000 0.000000 0.000000 1.000000
0.996808 -0.062458 -0.049734 -0.000000 0.072065 0.971984 0.223729 16.254900 0.034367 -0.226598 0.973382 -0.000000 0.000000 0.000000 0.000000 1.000000
0.996609 -0.065752 -0.049470 0.000000 0.075345 0.970865 0.227474 16.254900 0.033072 -0.230430 0.972527 0.000000 0.000000 0.000000 0.000000 1.000000
0.996403 -0.069131 -0.049015 0.000000 0.078367 0.971783 0.222480 16.254900 0.032252 -0.225520 0.973704 0.000000 0.000000 0.000000 0.000000 1.000000
0.996565 -0.066802 -0.048947 -0.000000 0.075916 0.973078 0.217613 16.254900 0.033092 -0.220582 0.974807 0.000000 0.000000 0.000000 0.000000 1.000000
0.997089 -0.058502 -0.048901 -0.000000 0.067727 0.974140 0.215554 16.254900 0.035026 -0.218238 0.975267 0.000000 0.000000 0.000000 0.000000 1.000000
0.997570 -0.050186 -0.048333 0.000000 0.059301 0.975724 0.210823 16.254900 0.036579 -0.213177 0.976329 -0.000000 0.000000 0.000000 0.000000 1.000000
0.997802 -0.046497 -0.047219 0.000000 0.054915 0.978981 0.196418 16.254900 0.037094 -0.198579 0.979383 0.000000 0.000000 0.000000 0.000000 1.000000
0.997890 -0.045950 -0.045860 0.000000 0.053204 0.983640 0.172112 16.254900 0.037201 -0.174189 0.984009 0.000000 0.000000 0.000000 0.000000 1.000000
0.998031 -0.044315 -0.044385 0.000000 0.050357 0.988024 0.145853 16.254900 0.037390 -0.147801 0.988310 0.000000 0.000000 0.000000 0.000000 1.000000
0.998277 -0.040274 -0.042669 -0.000000 0.045400 0.990874 0.126916 16.254900 0.037168 -0.128635 0.990995 0.000000 0.000000 0.000000 0.000000 1.000000
0.998533 -0.035840 -0.040586 0.000000 0.040431 0.992115 0.118628 16.254900 0.036015 -0.120095 0.992109 -0.000000 0.000000 0.000000 0.000000 1.000000
