<?xml version="1.0" encoding="utf-8"?>
<COLLADA xmlns="http://www.collada.org/2005/11/COLLADASchema" version="1.4.1">
  <asset>
    <contributor>
      <author>Mixamo</author>
      <authoring_tool>COLLADA Mixamo exporter</authoring_tool>
      <comments/>
    </contributor>
    <created>2024-02-07T15:07:14Z</created>
    <modified>2024-02-07T15:07:14Z</modified>
    <revision/>
    <title/>
    <unit meter="0.010000"/>
    <up_axis>Y_UP</up_axis>
  </asset>
  <library_animations>
    <animation id="mixamorig_Hips-anim" name="mixamorig_Hips">
      <source id="mixamorig_Hips-Matrix-animation-input">
        <float_array id="mixamorig_Hips-Matrix-animation-input-array" count="40">

0.000000 0.033333 0.066667 0.100000 0.133333 0.166667 0.200000 0.233333 0.266667 0.300000 0.333333 0.366667 0.400000 0.433333 0.466667 0.500000
0.533333 0.566667 0.600000 0.633333 0.666667 0.700000 0.733333 0.766667 0.800000 0.833333 0.866667 0.900000 0.933333 0.966667 1.000000 1.033333
1.066667 1.100000 1.133333 1.166667 1.200000 1.233333 1.266667 1.300000</float_array>
        <technique_common>
          <accessor source="#mixamorig_Hips-Matrix-animation-input-array" count="40">
            <param name="TIME" type="float"/>
          </accessor>
        </technique_common>
      </source>
      <source id="mixamorig_Hips-Matrix-animation-output-transform">
        <float_array id="mixamorig_Hips-Matrix-animation-output-transform-array" count="640">

0.987609 -0.098357 0.122286 -0.035859 0.129691 0.950285 -0.283088 73.720215 -0.088362 0.295440 0.951266 0.045939 0.000000 0.000000 0.000000 1.000000
0.995392 -0.058538 0.075953 0.307592 0.079267 0.948025 -0.308164 74.613472 -0.053966 0.312765 0.948296 2.916162 0.000000 0.000000 0.000000 1.000000
0.999998 0.000595 0.001815 0.883569 0.000044 0.942697 -0.333650 76.195053 -0.001909 0.333650 0.942695 7.721619 0.000000 0.000000 0.000000 1.000000
0.995779 0.053028 -0.074916 1.535308 -0.075090 0.940036 -0.332706 78.182396 0.052781 0.336927 0.940050 13.444085 0.000000 0.000000 0.000000 1.000000
0.988089 0.072498 -0.135738 2.147534 -0.109993 0.949611 -0.293498 80.388779 0.107620 0.304932 0.946274 19.231422 0.000000 0.000000 0.000000 1.000000
0.981555 0.044031 -0.186041 2.721838 -0.085535 0.971432 -0.221369 82.764389 0.170979 0.233199 0.957280 24.625111 0.000000 0.000000 0.000000 1.000000
0.966800 -0.029002 -0.253882 3.363081 -0.005103 0.991149 -0.132658 85.206406 0.255483 0.129550 0.958095 29.520000 0.000000 0.000000 0.000000 1.000000
0.920821 -0.131936 -0.366989 4.203448 0.121021 0.991250 -0.052705 87.738663 0.370731 0.004118 0.928731 34.128487 0.000000 0.000000 0.000000 1.000000
0.814783 -0.239966 -0.527773 5.313226 0.276759 0.960891 -0.009629 90.367477 0.509443 -0.138220 0.849331 38.681587 0.000000 0.000000 0.000000 1.000000
0.631273 -0.329942 -0.701878 6.729368 0.441929 0.896727 -0.024063 93.049637 0.637332 -0.294990 0.711890 43.397648 0.000000 0.000000 0.000000 1.000000
0.383990 -0.395334 -0.834424 8.266568 0.594775 0.797141 -0.103963 95.684456 0.706253 -0.456374 0.541229 48.288982 0.000000 0.000000 0.000000 1.000000
0.124770 -0.445612 -0.886489 9.593795 0.709909 0.664284 -0.234000 97.989555 0.693153 -0.600130 0.399227 52.753246 0.000000 0.000000 0.000000 1.000000
-0.083189 -0.492307 -0.866437 10.467476 0.774419 0.515262 -0.367124 99.428696 0.627180 -0.701526 0.338388 55.868206 0.000000 0.000000 0.000000 1.000000
-0.210411 -0.537638 -0.816500 11.077309 0.805294 0.378218 -0.456567 99.864372 0.554282 -0.753589 0.353376 57.547432 0.000000 0.000000 0.000000 1.000000
-0.272953 -0.571290 -0.774031 11.589280 0.828891 0.268727 -0.490638 99.677002 0.488300 -0.775508 0.400187 58.404533 0.000000 0.000000 0.000000 1.000000
-0.305398 -0.579511 -0.755578 12.115080 0.851402 0.189166 -0.489215 99.359283 0.426435 -0.792706 0.435626 59.411186 0.000000 0.000000 0.000000 1.000000
-0.334872 -0.555553 -0.761066 12.768307 0.865712 0.137500 -0.481287 99.094971 0.372027 -0.820033 0.434904 60.758774 0.000000 0.000000 0.000000 1.000000
-0.366543 -0.506073 -0.780729 13.532506 0.866904 0.118915 -0.484083 98.979881 0.337821 -0.854254 0.395129 62.402184 0.000000 0.000000 0.000000 1.000000
-0.391929 -0.449614 -0.802645 14.290524 0.857137 0.138498 -0.496119 98.939842 0.334227 -0.882420 0.331099 63.959732 0.000000 0.000000 0.000000 1.000000
-0.403241 -0.407205 -0.819501 15.016234 0.840827 0.188529 -0.507413 98.808937 0.361120 -0.893667 0.266366 65.050148 0.000000 0.000000 0.000000 1.000000
-0.399019 -0.390885 -0.829453 15.857554 0.819827 0.253073 -0.513651 98.524193 0.410691 -0.884965 0.219477 65.670052 0.000000 0.000000 0.000000 1.000000
-0.380545 -0.398911 -0.834300 16.963003 0.793412 0.322621 -0.516153 98.075806 0.475062 -0.858362 0.193728 65.820396 0.000000 0.000000 0.000000 1.000000
-0.343679 -0.420995 -0.839433 18.253693 0.760479 0.399669 -0.511797 97.420189 0.550960 -0.814265 0.182800 65.287842 0.000000 0.000000 0.000000 1.000000
-0.276946 -0.444046 -0.852129 19.256191 0.722350 0.488593 -0.489374 96.477997 0.633649 -0.751066 0.185443 63.708138 0.000000 0.000000 0.000000 1.000000
-0.169289 -0.454618 -0.874451 19.356827 0.680462 0.587928 -0.437391 95.221542 0.712960 -0.669076 0.209821 60.888664 0.000000 0.000000 0.000000 1.000000
-0.020436 -0.441213 -0.897170 18.280613 0.627973 0.692595 -0.354911 93.714684 0.777967 -0.570651 0.262915 56.961987 0.000000 0.000000 0.000000 1.000000
0.151552 -0.398641 -0.904498 16.257359 0.547459 0.795749 -0.258983 92.097916 0.822995 -0.455926 0.338837 52.247208 0.000000 0.000000 0.000000 1.000000
0.315988 -0.331832 -0.888841 13.900381 0.428411 0.885799 -0.178394 90.492355 0.846531 -0.324419 0.422063 47.053543 0.000000 0.000000 0.000000 1.000000
0.449013 -0.254354 -0.856558 11.809666 0.283432 0.949665 -0.133425 88.957001 0.847380 -0.182866 0.498504 41.555588 0.000000 0.000000 0.000000 1.000000
0.548428 -0.181273 -0.816313 10.203425 0.141009 0.982288 -0.123395 87.507469 0.824223 -0.047434 0.564276 35.854218 0.000000 0.000000 0.000000 1.000000
0.628349 -0.123743 -0.768027 8.940447 0.027933 0.990220 -0.136689 86.044128 0.777430 0.064435 0.625661 30.027994 0.000000 0.000000 0.000000 1.000000
0.702415 -0.085649 -0.706596 7.823243 -0.044619 0.985482 -0.163810 84.438782 0.710368 0.146590 0.688396 24.248701 0.000000 0.000000 0.000000 1.000000
0.773491 -0.062857 -0.630683 6.725543 -0.082572 0.976596 -0.198602 82.643051 0.628406 0.205694 0.750197 18.715448 0.000000 0.000000 0.000000 1.000000
0.836886 -0.046687 -0.545383 5.682778 -0.100048 0.966525 -0.236261 80.750526 0.538157 0.252288 0.804200 13.821783 0.000000 0.000000 0.000000 1.000000
0.890208 -0.031808 -0.454442 4.773390 -0.105292 0.956182 -0.273184 78.990341 0.443219 0.291040 0.847852 9.927882 0.000000 0.000000 0.000000 1.000000
0.935891 -0.022455 -0.351574 3.901135 -0.091984 0.947772 -0.305396 77.549988 0.340070 0.318156 0.884946 7.058589 0.000000 0.000000 0.000000 1.000000
0.973876 -0.028046 -0.225343 2.874741 -0.048096 0.944355 -0.325394 76.332947 0.221930 0.327731 0.918335 4.795290 0.000000 0.000000 0.000000 1.000000
0.995423 -0.050404 -0.081188 1.680563 0.021494 0.945909 -0.323720 75.188293 0.093114 0.320494 0.942663 2.733788 0.000000 0.000000 0.000000 1.000000
0.995722 -0.079174 0.047641 0.601989 0.089932 0.948787 -0.302847 74.259087 -0.021224 0.305836 0.951848 1.032710 0.000000 0.000000 0.000000 1.000000
0.987615 -0.098377 0.122221 -0.033077 0.129691 0.950285 -0.283088 73.720215 -0.088296 0.295433 0.951274 0.043146 0.000000 0.000000 0.000000 1.000000</float_array>
        <technique_common>
          <accessor source="#mixamorig_Hips-Matrix-animation-output-transform-array" count="40" stride="16">
            <param type="float4x4"/>
          </accessor>
        </technique_common>
      </source>
      <source id="mixamorig_Hips-Interpolations">
        <Name_array id="mixamorig_Hips-Interpolations-array" count="40">
 LINEAR LINEAR LINEAR LINEAR LINEAR LINEAR LINEAR LINEAR LINEAR LINEAR LINEAR
LINEAR LINEAR LINEAR LINEAR LINEAR LINEAR LINEAR LINEAR LINEAR LINEAR LINEAR LINEAR
LINEAR LINEAR LINEAR LINEAR LINEAR LINEAR LINEAR LINEAR LINEAR LINEAR LINEAR LINEAR
LINEAR LINEAR LINEAR LINEAR LINEAR</Name_array>
        <technique_common>
          <accessor source="#mixamorig_Hips-Interpolations-array" count="40">
            <param type="name"/>
          </accessor>
        </technique_common>
      </source>
      <sampler id="mixamorig_Hips-Matrix-animation-transform">
        <input semantic="INPUT" source="#mixamorig_Hips-Matrix-animation-input"/>
        <input semantic="OUTPUT" source="#mixamorig_Hips-Matrix-animation-output-transform"/>
        <input semantic="INTERPOLATION" source="#mixamorig_Hips-Interpolations"/>
      </sampler>
      <channel source="#mixamorig_Hips-Matrix-animation-transform" target="mixamorig_Hips/matrix"/>
    </animation>
    <animation id="mixamorig_Spine-anim" name="mixamorig_Spine">
      <source id="mixamorig_Spine-Matrix-animation-input">
        <float_array id="mixamorig_Spine-Matrix-animation-input-array" count="40">

0.000000 0.033333 0.066667 0.100000 0.133333 0.166667 0.200000 0.233333 0.266667 0.300000 0.333333 0.366667 0.400000 0.433333 0.466667 0.500000
0.533333 0.566667 0.600000 0.633333 0.666667 0.700000 0.733333 0.766667 0.800000 0.833333 0.866667 0.900000 0.933333 0.966667 1.000000 1.033333
1.066667 1.100000 1.133333 1.166667 1.200000 1.233333 1.266667 1.300000</float_array>
        <technique_common>
          <accessor source="#mixamorig_Spine-Matrix-animation-input-array" count="40">
            <param name="TIME" type="float"/>
          </accessor>
        </technique_common>
      </source>
      <source id="mixamorig_Spine-Matrix-animation-output-transform">
        <float_array id="mixamorig_Spine-Matrix-animation-output-transform-array" count="640">

0.962071 -0.131940 -0.238770 0.000000 0.092391 0.981123 -0.169884 9.226300 0.256678 0.141381 0.956100 1.577100 0.000000 0.000000 0.000000 1.000000
0.967856 -0.137748 -0.210427 0.000000 0.108666 0.983585 -0.144058 9.226300 0.226817 0.116562 0.966937 1.577100 0.000000 0.000000 0.000000 1.000000
0.974848 -0.147830 -0.166786 -0.000000 0.131672 0.985806 -0.104155 9.226300 0.179816 0.079574 0.980476 1.577100 0.000000 0.000000 0.000000 1.000000
0.979190 -0.160360 -0.124386 -0.000000 0.153240 0.986055 -0.064907 9.226300 0.133060 0.044495 0.990109 1.577100 0.000000 0.000000 0.000000 1.000000
0.980531 -0.170771 -0.096936 -0.000000 0.167748 0.985074 -0.038589 9.226300 0.102079 0.021577 0.994542 1.577100 0.000000 0.000000 0.000000 1.000000
0.981197 -0.172699 -0.086183 0.000000 0.170989 0.984906 -0.026902 9.226300 0.089528 0.011660 0.995916 1.577100 0.000000 0.000000 0.000000 1.000000
0.982982 -0.164478 -0.081808 0.000000 0.163071 0.986331 -0.023635 9.226300 0.084577 0.009892 0.996368 1.577100 0.000000 0.000000 0.000000 1.000000
0.986629 -0.145792 -0.072859 0.000000 0.144466 0.989238 -0.023188 9.226300 0.075455 0.012353 0.997073 1.577100 0.000000 0.000000 0.000000 1.000000
0.991246 -0.120275 -0.054458 -0.000000 0.119084 0.992579 -0.024630 9.226300 0.057017 0.017929 0.998212 1.577100 0.000000 0.000000 0.000000 1.000000
0.995258 -0.093026 -0.028429 0.000000 0.092216 0.995329 -0.028567 9.226300 0.030954 0.025810 0.999188 1.577100 0.000000 0.000000 0.000000 1.000000
0.997846 -0.065595 0.001028 0.000000 0.065593 0.997290 -0.033335 9.226300 0.001162 0.033330 0.999444 1.577100 0.000000 0.000000 0.000000 1.000000
0.998928 -0.035795 0.029367 0.000000 0.036832 0.998689 -0.035559 9.226300 -0.028055 0.036602 0.998936 1.577100 0.000000 0.000000 0.000000 1.000000
0.998565 -0.002937 0.053471 0.000000 0.004731 0.999430 -0.033441 9.226300 -0.053342 0.033646 0.998009 1.577100 0.000000 0.000000 0.000000 1.000000
0.996929 0.028104 0.073100 -0.000000 -0.026057 0.999245 -0.028809 9.226300 -0.073855 0.026816 0.996908 1.577100 0.000000 0.000000 0.000000 1.000000
0.994747 0.053552 0.087238 0.000000 -0.051418 0.998325 -0.026538 9.226300 -0.088513 0.021913 0.995834 1.577100 0.000000 0.000000 0.000000 1.000000
0.993086 0.068288 0.095487 0.000000 -0.065641 0.997374 -0.030593 9.226300 -0.097326 0.024113 0.994960 1.577100 0.000000 0.000000 0.000000 1.000000
0.992573 0.071673 0.098295 0.000000 -0.067943 0.996855 -0.040785 9.226300 -0.100909 0.033804 0.994321 1.577100 0.000000 0.000000 0.000000 1.000000
0.993415 0.065085 0.094293 0.000000 -0.060309 0.996790 -0.052646 9.226300 -0.097416 0.046613 0.994152 1.577100 0.000000 0.000000 0.000000 1.000000
0.995170 0.052388 0.083014 -0.000000 -0.047365 0.996991 -0.061368 9.226300 -0.085980 0.057140 0.994657 1.577100 0.000000 0.000000 0.000000 1.000000
0.996939 0.037983 0.068335 0.000000 -0.033524 0.997306 -0.065252 9.226300 -0.070629 0.062761 0.995526 1.577100 0.000000 0.000000 0.000000 1.000000
0.998062 0.022988 0.057830 0.000000 -0.019189 0.997673 -0.065420 9.226300 -0.059199 0.064183 0.996181 1.577100 0.000000 0.000000 0.000000 1.000000
0.998276 0.007472 0.058223 0.000000 -0.003770 0.997979 -0.063427 9.226300 -0.058580 0.063098 0.996287 1.577100 0.000000 0.000000 0.000000 1.000000
0.997533 -0.007328 0.069812 -0.000000 0.011509 0.998152 -0.059672 9.226300 -0.069245 0.060328 0.995774 1.577100 0.000000 0.000000 0.000000 1.000000
0.996221 -0.017839 0.085001 0.000000 0.022529 0.998258 -0.054533 9.226300 -0.083880 0.056242 0.994887 1.577100 0.000000 0.000000 0.000000 1.000000
0.995338 -0.020981 0.094138 0.000000 0.025768 0.998420 -0.049930 9.226300 -0.092942 0.052123 0.994306 1.577100 0.000000 0.000000 0.000000 1.000000
0.995661 -0.017546 0.091391 0.000000 0.022037 0.998586 -0.048375 9.226300 -0.090413 0.050179 0.994639 1.577100 0.000000 0.000000 0.000000 1.000000
0.996918 -0.012010 0.077529 0.000000 0.015986 0.998578 -0.050867 9.226300 -0.076808 0.051949 0.995692 1.577100 0.000000 0.000000 0.000000 1.000000
0.998332 -0.009084 0.057015 0.000000 0.012296 0.998341 -0.056242 9.226300 -0.056410 0.056850 0.996788 1.577100 0.000000 0.000000 0.000000 1.000000
0.999313 -0.011816 0.035140 0.000000 0.013981 0.997978 -0.062010 9.226300 -0.034336 0.062458 0.997457 1.577100 0.000000 0.000000 0.000000 1.000000
0.999635 -0.021442 0.016426 0.000000 0.022481 0.997572 -0.065914 9.226300 -0.014973 0.066259 0.997690 1.577100 0.000000 0.000000 0.000000 1.000000
0.999334 -0.036368 0.002972 0.000000 0.036486 0.997058 -0.067409 9.226300 -0.000512 0.067473 0.997721 1.577100 0.000000 0.000000 0.000000 1.000000
0.998491 -0.054621 -0.005682 0.000000 0.054109 0.996213 -0.068058 9.226300 0.009378 0.067648 0.997665 1.577100 0.000000 0.000000 0.000000 1.000000
0.997106 -0.074870 -0.013211 0.000000 0.073756 0.994764 -0.070745 9.226300 0.018439 0.069566 0.997407 1.577100 0.000000 0.000000 0.000000 1.000000
0.995105 -0.095459 -0.025584 0.000000 0.093211 0.992583 -0.078037 9.226300 0.032844 0.075271 0.996622 1.577100 0.000000 0.000000 0.000000 1.000000
0.992331 -0.113642 -0.048637 0.000000 0.108908 0.989890 -0.090867 9.226300 0.058472 0.084873 0.994675 1.577100 0.000000 0.000000 0.000000 1.000000
0.988378 -0.126512 -0.084282 0.000000 0.117121 0.987190 -0.108346 9.226300 0.096909 0.097216 0.990534 1.577100 0.000000 0.000000 0.000000 1.000000
0.982596 -0.133072 -0.129606 -0.000000 0.116463 0.984878 -0.128262 9.226300 0.144714 0.110936 0.983235 1.577100 0.000000 0.000000 0.000000 1.000000
0.974898 -0.134751 -0.177246 0.000000 0.109085 0.983048 -0.147367 9.226300 0.194099 0.124333 0.973071 1.577100 0.000000 0.000000 0.000000 1.000000
0.967075 -0.133373 -0.216744 0.000000 0.099088 0.981798 -0.162031 9.226300 0.234409 0.135220 0.962688 1.577100 0.000000 0.000000 0.000000 1.000000
0.962071 -0.131941 -0.238771 0.000000 0.092391 0.981123 -0.169884 9.226300 0.256678 0.141380 0.956100 1.577100 0.000000 0.000000 0.000000 1.000000</float_array>
        <technique_common>
          <accessor source="#mixamorig_Spine-Matrix-animation-output-transform-array" count="40" stride="16">
            <param type="float4x4"/>
          </accessor>
        </technique_common>
      </source>
      <source id="mixamorig_Spine-Interpolations">
        <Name_array id="mixamorig_Spine-Interpolations-array" count="40">
 LINEAR LINEAR LINEAR LINEAR LINEAR LINEAR LINEAR LINEAR LINEAR LINEAR LINEAR
LINEAR LINEAR LINEAR LINEAR LINEAR LINEAR LINEAR LINEAR LINEAR LINEAR LINEAR LINEAR
LINEAR LINEAR LINEAR LINEAR LINEAR LINEAR LINEAR LINEAR LINEAR LINEAR LINEAR LINEAR
LINEAR LINEAR LINEAR LINEAR LINEAR</Name_array>
        <technique_common>
          <accessor source="#mixamorig_Spine-Interpolations-array" count="40">
            <param type="name"/>
          </accessor>
        </technique_common>
      </source>
      <sampler id="mixamorig_Spine-Matrix-animation-transform">
        <input semantic="INPUT" source="#mixamorig_Spine-Matrix-animation-input"/>
        <input semantic="OUTPUT" source="#mixamorig_Spine-Matrix-animation-output-transform"/>
        <input semantic="INTERPOLATION" source="#mixamorig_Spine-Interpolations"/>
      </sampler>
      <channel source="#mixamorig_Spine-Matrix-animation-transform" target="mixamorig_Spine/matrix"/>
    </animation>
    <animation id="mixamorig_Spine1-anim" name="mixamorig_Spine1">
      <source id="mixamorig_Spine1-Matrix-animation-input">
        <float_array id="mixamorig_Spine1-Matrix-animation-input-array" count="40">

0.000000 0.033333 0.066667 0.100000 0.133333 0.166667 0.200000 0.233333 0.266667 0.300000 0.333333 0.366667 0.400000 0.433333 0.466667 0.500000
0.533333 0.566667 0.600000 0.633333 0.666667 0.700000 0.733333 0.766667 0.800000 0.833333 0.866667 0.900000 0.933333 0.966667 1.000000 1.033333
1.066667 1.100000 1.133333 1.166667 1.200000 1.233333 1.266667 1.300000</float_array>
        <technique_common>
          <accessor source="#mixamorig_Spine1-Matrix-animation-input-array" count="40">
            <param name="TIME" type="float"/>
          </accessor>
        </technique_common>
      </source>
      <source id="mixamorig_Spine1-Matrix-animation-output-transform">
        <float_array id="mixamorig_Spine1-Matrix-animation-output-transform-array" count="640">

0.997453 0.004533 -0.071177 0.000000 -0.002092 0.999408 0.034341 16.254900 0.071291 -0.034105 0.996872 -0.000000 0.000000 0.000000 0.000000 1.000000
0.995631 -0.025500 -0.089821 -0.000000 0.029204 0.998766 0.040171 16.254900 0.088686 -0.042618 0.995147 -0.000000 0.000000 0.000000 0.000000 1.000000
0.990344 -0.071892 -0.118536 0.000000 0.077657 0.995975 0.044751 16.254900 0.114842 -0.053524 0.991941 0.000000 0.000000 0.000000 0.000000 1.000000
0.982151 -0.116465 -0.147699 0.000000 0.124101 0.991313 0.043557 16.254900 0.141343 -0.061109 0.988073 0.000000 0.000000 0.000000 0.000000 1.000000
0.975305 -0.142111 -0.169072 0.000000 0.150601 0.987847 0.038432 16.254900 0.161555 -0.062946 0.984854 0.000000 0.000000 0.000000 0.000000 1.000000
0.973777 -0.141495 -0.178152 0.000000 0.150026 0.988052 0.035293 16.254900 0.171030 -0.061095 0.983370 0.000000 0.000000 0.000000 0.000000 1.000000
0.977857 -0.118356 -0.172589 0.000000 0.126485 0.991284 0.036851 16.254900 0.166723 -0.057865 0.984304 -0.000000 0.000000 0.000000 0.000000 1.000000
0.985247 -0.081371 -0.150559 0.000000 0.088239 0.995316 0.039506 16.254900 0.146639 -0.052208 0.987811 -0.000000 0.000000 0.000000 0.000000 1.000000
0.993041 -0.037695 -0.111575 0.000000 0.042046 0.998434 0.036901 16.254900 0.110009 -0.041336 0.993071 0.000000 0.000000 0.000000 0.000000 1.000000
0.998286 0.009584 -0.057731 0.000000 -0.008102 0.999633 0.025854 16.254900 0.057957 -0.025342 0.997997 0.000000 0.000000 0.000000 0.000000 1.000000
0.998252 0.058841 0.005465 0.000000 -0.058890 0.998220 0.009370 16.254900 -0.004903 -0.009676 0.999941 0.000000 0.000000 0.000000 0.000000 1.000000
0.992049 0.105342 0.068859 0.000000 -0.105256 0.994433 -0.004886 16.254900 -0.068990 -0.002400 0.997614 0.000000 0.000000 0.000000 0.000000 1.000000
0.982500 0.140748 0.121999 -0.000000 -0.140623 0.990016 -0.009674 16.254900 -0.122143 -0.007652 0.992483 0.000000 0.000000 0.000000 0.000000 1.000000
0.974591 0.158610 0.158159 0.000000 -0.159895 0.987123 -0.004650 16.254900 -0.156860 -0.020757 0.987403 0.000000 0.000000 0.000000 0.000000 1.000000
0.970977 0.160199 0.177595 -0.000000 -0.163004 0.986625 0.001217 16.254900 -0.175025 -0.030130 0.984103 0.000000 0.000000 0.000000 0.000000 1.000000
0.970548 0.153735 0.185477 0.000000 -0.155799 0.987783 -0.003487 16.254900 -0.183747 -0.025513 0.982642 0.000000 0.000000 0.000000 0.000000 1.000000
0.971417 0.147216 0.186217 0.000000 -0.145737 0.989086 -0.021685 16.254900 -0.187377 -0.006074 0.982269 0.000000 0.000000 0.000000 0.000000 1.000000
0.973350 0.142360 0.179787 0.000000 -0.136414 0.989626 -0.045079 16.254900 -0.184339 0.019352 0.982672 0.000000 0.000000 0.000000 0.000000 1.000000
0.977012 0.135867 0.164280 -0.000000 -0.127143 0.989910 -0.062553 16.254900 -0.171121 0.040228 0.984428 0.000000 0.000000 0.000000 0.000000 1.000000
0.981896 0.125621 0.141770 0.000000 -0.116667 0.990713 -0.069827 16.254900 -0.149225 0.052023 0.987434 -0.000000 0.000000 0.000000 0.000000 1.000000
0.986153 0.114343 0.120117 0.000000 -0.106449 0.991836 -0.070219 16.254900 -0.127166 0.056460 0.990273 0.000000 0.000000 0.000000 0.000000 1.000000
0.988378 0.107190 0.107797 0.000000 -0.100230 0.992635 -0.068042 16.254900 -0.114297 0.056447 0.991842 0.000000 0.000000 0.000000 0.000000 1.000000
0.988524 0.106725 0.106907 -0.000000 -0.100234 0.992879 -0.064373 16.254900 -0.113016 0.052919 0.992183 0.000000 0.000000 0.000000 0.000000 1.000000
0.987558 0.110487 0.111898 -0.000000 -0.104397 0.992789 -0.058910 16.254900 -0.117600 0.046495 0.991972 -0.000000 0.000000 0.000000 0.000000 1.000000
0.986983 0.112490 0.114935 0.000000 -0.106977 0.992844 -0.053080 16.254900 -0.120084 0.040094 0.991954 0.000000 0.000000 0.000000 0.000000 1.000000
0.988039 0.106359 0.111656 0.000000 -0.101300 0.993596 -0.050054 16.254900 -0.116265 0.038145 0.992486 0.000000 0.000000 0.000000 0.000000 1.000000
0.990912 0.087870 0.101844 0.000000 -0.082890 0.995194 -0.052145 16.254900 -0.105936 0.043229 0.993433 0.000000 0.000000 0.000000 0.000000 1.000000
0.994655 0.056700 0.086290 0.000000 -0.051733 0.996931 -0.058751 16.254900 -0.089357 0.053973 0.994536 -0.000000 0.000000 0.000000 0.000000 1.000000
0.997708 0.017659 0.065324 0.000000 -0.013281 0.997674 -0.066860 16.254900 -0.066353 0.065839 0.995622 0.000000 0.000000 0.000000 0.000000 1.000000
0.998953 -0.019643 0.041321 0.000000 0.022613 0.997097 -0.072702 16.254900 -0.039773 0.073561 0.996497 0.000000 0.000000 0.000000 0.000000 1.000000
0.998801 -0.044230 0.021005 0.000000 0.045648 0.996308 -0.072705 16.254900 -0.017712 0.073577 0.997132 0.000000 0.000000 0.000000 0.000000 1.000000
0.998688 -0.049698 0.012364 0.000000 0.050400 0.996607 -0.065076 16.254900 -0.009088 0.065614 0.997804 0.000000 0.000000 0.000000 0.000000 1.000000
0.999088 -0.038859 0.017694 0.000000 0.039734 0.997851 -0.052096 16.254900 -0.015632 0.052751 0.998485 -0.000000 0.000000 0.000000 0.000000 1.000000
0.999300 -0.022564 0.029838 0.000000 0.023713 0.998968 -0.038725 16.254900 -0.028933 0.039405 0.998804 0.000000 0.000000 0.000000 0.000000 1.000000
0.999273 -0.011881 0.036214 -0.000000 0.012882 0.999538 -0.027524 16.254900 -0.035870 0.027970 0.998965 0.000000 0.000000 0.000000 0.000000 1.000000
0.999577 -0.009622 0.027445 0.000000 0.010085 0.999808 -0.016810 16.254900 -0.027278 0.017080 0.999482 -0.000000 0.000000 0.000000 0.000000 1.000000
0.999945 -0.009945 0.003215 0.000000 0.009958 0.999943 -0.003870 16.254900 -0.003176 0.003902 0.999987 0.000000 0.000000 0.000000 0.000000 1.000000
0.999579 -0.006776 -0.028214 -0.000000 0.007101 0.999909 0.011427 16.254900 0.028134 -0.011622 0.999537 0.000000 0.000000 0.000000 0.000000 1.000000
0.998442 -0.000467 -0.055798 0.000000 0.001906 0.999667 0.025739 16.254900 0.055768 -0.025805 0.998110 0.000000 0.000000 0.000000 0.000000 1.000000
0.997453 0.004533 -0.071177 -0.000000 -0.002092 0.999408 0.034341 16.254900 0.071291 -0.034105 0.996872 0.000000 0.000000 0.000000 0.000000 1.000000</float_array>
        <technique_common>
          <accessor source="#mixamorig_Spine1-Matrix-animation-output-transform-array" count="40" stride="16">
            <param type="float4x4"/>
          </accessor>
        </technique_common>
      </source>
      <source id="mixamorig_Spine1-Interpolations">
        <Name_array id="mixamorig_Spine1-Interpolations-array" count="40">
 LINEAR LINEAR LINEAR LINEAR LINEAR LINEAR LINEAR LINEAR LINEAR LINEAR LINEAR
LINEAR LINEAR LINEAR LINEAR LINEAR LINEAR LINEAR LINEAR LINEAR LINEAR LINEAR LINEAR
LINEAR LINEAR LINEAR LINEAR LINEAR LINEAR LINEAR LINEAR LINEAR LINEAR LINEAR LINEAR
LINEAR LINEAR LINEAR LINEAR LINEAR</Name_array>
        <technique_common>
          <accessor source="#mixamorig_Spine1-Interpolations-array" count="40">
            <param type="name"/>
          </accessor>
        </technique_common>
      </source>
      <sampler id="mixamorig_Spine1-Matrix-animation-transform">
        <input semantic="INPUT" source="#mixamorig_Spine1-Matrix-animation-input"/>
        <input semantic="OUTPUT" source="#mixamorig_Spine1-Matrix-animation-output-transform"/>
        <input semantic="INTERPOLATION" source="#mixamorig_Spine1-Interpolations"/>
      </sampler>
      <channel source="#mixamorig_Spine1-Matrix-animation-transform" target="mixamorig_Spine1/matrix"/>
    </animation>
    <animation id="mixamorig_Spine2-anim" name="mixamorig_Spine2">
      <source id="mixamorig_Spine2-Matrix-animation-input">
        <float_array id="mixamorig_Spine2-Matrix-animation-input-array" count="40">

0.000000 0.033333 0.066667 0.100000 0.133333 0.166667 0.200000 0.233333 0.266667 0.300000 0.333333 0.366667 0.400000 0.433333 0.466667 0.500000
0.533333 0.566667 0.600000 0.633333 0.666667 0.700000 0.733333 0.766667 0.800000 0.833333 0.866667 0.900000 0.933333 0.966667 1.000000 1.033333
1.066667 1.100000 1.133333 1.166667 1.200000 1.233333 1.266667 1.300000</float_array>
        <technique_common>
          <accessor source="#mixamorig_Spine2-Matrix-animation-input-array" count="40">
            <param name="TIME" type="float"/>
          </accessor>
        </technique_common>
      </source>
      <source id="mixamorig_Spine2-Matrix-animation-output-transform">
        <float_array id="mixamorig_Spine2-Matrix-animation-output-transform-array" count="640">

0.997154 -0.005420 -0.075193 0.000000 -0.005441 0.989635 -0.143500 13.700700 0.075191 0.143501 0.986790 -0.000000 0.000000 0.000000 0.000000 1.000000
0.995227 -0.036053 -0.090685 0.000000 0.023371 0.990267 -0.137205 13.700700 0.094749 0.134431 0.986383 0.000000 0.000000 0.000000 0.000000 1.000000
0.989905 -0.083411 -0.114586 0.000000 0.068083 0.988946 -0.131720 13.700700 0.124306 0.122589 0.984642 0.000000 0.000000 0.000000 0.000000 1.000000
0.981819 -0.129151 -0.139109 0.000000 0.110885 0.985040 -0.131913 13.700700 0.154065 0.114090 0.981452 0.000000 0.000000 0.000000 0.000000 1.000000
0.975107 -0.155959 -0.157616 0.000000 0.134904 0.981412 -0.136498 13.700700 0.175974 0.111837 0.978021 -0.000000 0.000000 0.000000 0.000000 1.000000
0.973661 -0.156072 -0.166207 0.000000 0.133392 0.981141 -0.139888 13.700700 0.184905 0.114033 0.976118 -0.000000 0.000000 0.000000 0.000000 1.000000
0.977813 -0.132603 -0.162170 0.000000 0.110350 0.984083 -0.139299 13.700700 0.178060 0.118313 0.976881 -0.000000 0.000000 0.000000 0.000000 1.000000
0.985275 -0.093825 -0.142937 0.000000 0.074034 0.987664 -0.137984 13.700700 0.154120 0.125370 0.980066 0.000000 0.000000 0.000000 0.000000 1.000000
0.993103 -0.047009 -0.107407 0.000000 0.031505 0.989404 -0.141729 13.700700 0.112931 0.137367 0.984061 -0.000000 0.000000 0.000000 0.000000 1.000000
0.998341 0.004486 -0.057402 0.000000 -0.013235 0.988143 -0.152964 13.700700 0.056035 0.153470 0.986563 0.000000 0.000000 0.000000 0.000000 1.000000
0.998260 0.058950 0.001616 -0.000000 -0.057839 0.984062 -0.168159 13.700700 -0.011503 0.167773 0.985759 -0.000000 0.000000 0.000000 0.000000 1.000000
0.991929 0.111303 0.060736 0.000000 -0.098794 0.978688 -0.180024 13.700700 -0.079479 0.172571 0.981785 0.000000 0.000000 0.000000 0.000000 1.000000
0.982218 0.152019 0.110174 0.000000 -0.130347 0.974514 -0.182573 13.700700 -0.135120 0.164965 0.977000 0.000000 0.000000 0.000000 0.000000 1.000000
0.974294 0.173274 0.143969 0.000000 -0.146995 0.973248 -0.176582 13.700700 -0.170714 0.150880 0.973700 0.000000 0.000000 0.000000 0.000000 1.000000
0.970842 0.176133 0.162610 -0.000000 -0.148052 0.974060 -0.171138 13.700700 -0.188535 0.142073 0.971735 -0.000000 0.000000 0.000000 0.000000 1.000000
0.970540 0.169954 0.170785 -0.000000 -0.139496 0.974305 -0.176834 13.700700 -0.196450 0.147800 0.969310 0.000000 0.000000 0.000000 0.000000 1.000000
0.971349 0.163756 0.172235 0.000000 -0.129206 0.972136 -0.195597 13.700700 -0.199466 0.167739 0.965441 -0.000000 0.000000 0.000000 0.000000 1.000000
0.973125 0.158898 0.166673 0.000000 -0.120624 0.968276 -0.218840 13.700700 -0.196159 0.192854 0.961420 -0.000000 0.000000 0.000000 0.000000 1.000000
0.976718 0.151100 0.152288 0.000000 -0.112525 0.965218 -0.235993 13.700700 -0.182649 0.213362 0.959748 -0.000000 0.000000 0.000000 0.000000 1.000000
0.981674 0.138372 0.131035 0.000000 -0.103459 0.964411 -0.243326 13.700700 -0.160041 0.225310 0.961053 0.000000 0.000000 0.000000 0.000000 1.000000
0.986018 0.124919 0.110290 0.000000 -0.094967 0.965095 -0.244077 13.700700 -0.136931 0.230190 0.963464 -0.000000 0.000000 0.000000 0.000000 1.000000
0.988238 0.117154 0.098292 0.000000 -0.090433 0.966013 -0.242159 13.700700 -0.123321 0.230422 0.965245 0.000000 0.000000 0.000000 0.000000 1.000000
0.988285 0.117306 0.097632 -0.000000 -0.091202 0.966853 -0.238492 13.700700 -0.122372 0.226794 0.966224 -0.000000 0.000000 0.000000 0.000000 1.000000
0.987203 0.121520 0.103265 0.000000 -0.094771 0.967860 -0.232949 13.700700 -0.128254 0.220182 0.966991 -0.000000 0.000000 0.000000 0.000000 1.000000
0.986666 0.123005 0.106585 0.000000 -0.096272 0.969083 -0.227176 13.700700 -0.131234 0.213886 0.968003 0.000000 0.000000 0.000000 0.000000 1.000000
0.988071 0.115976 0.101314 0.000000 -0.090881 0.970261 -0.224355 13.700700 -0.124321 0.212471 0.969227 0.000000 0.000000 0.000000 0.000000 1.000000
0.991474 0.097543 0.086401 0.000000 -0.075769 0.971001 -0.226751 13.700700 -0.106014 0.218271 0.970113 -0.000000 0.000000 0.000000 0.000000 1.000000
0.995546 0.068359 0.064921 0.000000 -0.051407 0.970880 -0.233984 13.700700 -0.079025 0.229604 0.970071 0.000000 0.000000 0.000000 0.000000 1.000000
0.998593 0.033293 0.041276 0.000000 -0.022276 0.969712 -0.243232 13.700700 -0.048124 0.241970 0.969089 0.000000 0.000000 0.000000 0.000000 1.000000
0.999813 0.001134 0.019293 0.000000 0.003734 0.968143 -0.250371 13.700700 -0.018962 0.250397 0.967958 0.000000 0.000000 0.000000 0.000000 1.000000
0.999827 -0.018513 0.001783 0.000000 0.018366 0.967701 -0.251432 13.700700 0.002929 0.251421 0.967873 0.000000 0.000000 0.000000 0.000000 1.000000
0.999744 -0.020556 -0.009500 0.000000 0.017608 0.969438 -0.244706 13.700700 0.014239 0.244476 0.969551 0.000000 0.000000 0.000000 0.000000 1.000000
0.999861 -0.008361 -0.014416 0.000000 0.004784 0.972626 -0.232329 13.700700 0.015964 0.232227 0.972531 0.000000 0.000000 0.000000 0.000000 1.000000
0.999856 0.007513 -0.015187 0.000000 -0.010655 0.975713 -0.218794 13.700700 0.013174 0.218924 0.975653 0.000000 0.000000 0.000000 0.000000 1.000000
0.999739 0.016192 -0.016138 0.000000 -0.019183 0.978178 -0.206882 13.700700 0.012436 0.207137 0.978233 0.000000 0.000000 0.000000 0.000000 1.000000
0.999663 0.014050 -0.021829 -0.000000 -0.018050 0.980537 -0.195504 13.700700 0.018657 0.195833 0.980460 0.000000 0.000000 0.000000 0.000000 1.000000
0.999396 0.005917 -0.034252 0.000000 -0.012060 0.983217 -0.182041 13.700700 0.032600 0.182344 0.982694 0.000000 0.000000 0.000000 0.000000 1.000000
0.998701 -0.001242 -0.050931 0.000000 -0.007259 0.986035 -0.166382 13.700700 0.050426 0.166535 0.984745 0.000000 0.000000 0.000000 0.000000 1.000000
0.997788 -0.004667 -0.066312 0.000000 -0.005479 0.988364 -0.152009 13.700700 0.066250 0.152036 0.986152 0.000000 0.000000 0.000000 0.000000 1.000000
0.997154 -0.005420 -0.075193 -0.000000 -0.005441 0.989635 -0.143500 13.700700 0.075191 0.143501 0.986790 0.000000 0.000000 0.000000 0.000000 1.000000</float_array>
        <technique_common>
          <accessor source="#mixamorig_Spine2-Matrix-animation-output-transform-array" count="40" stride="16">
            <param type="float4x4"/>
          </accessor>
        </technique_common>
      </source>
      <source id="mixamorig_Spine2-Interpolations">
        <Name_array id="mixamorig_Spine2-Interpolations-array" count="40">
 LINEAR LINEAR LINEAR LINEAR LINEAR LINEAR LINEAR LINEAR LINEAR LINEAR LINEAR
LINEAR LINEAR LINEAR LINEAR LINEAR LINEAR LINEAR LINEAR LINEAR LINEAR LINEAR LINEAR
LINEAR LINEAR LINEAR LINEAR LINEAR LINEAR LINEAR LINEAR LINEAR LINEAR LINEAR LINEAR
LINEAR LINEAR LINEAR LINEAR LINEAR</Name_array>
        <technique_common>
          <accessor source="#mixamorig_Spine2-Interpolations-array" count="40">
            <param type="name"/>
          </accessor>
        </technique_common>
      </source>
      <sampler id="mixamorig_Spine2-Matrix-animation-transform">
        <input semantic="INPUT" source="#mixamorig_Spine2-Matrix-animation-input"/>
        <input semantic="OUTPUT" source="#mixamorig_Spine2-Matrix-animation-output-transform"/>
        <input semantic="INTERPOLATION" source="#mixamorig_Spine2-Interpolations"/>
      </sampler>
      <channel source="#mixamorig_Spine2-Matrix-animation-transform" target="mixamorig_Spine2/matrix"/>
    </animation>
    <animation id="mixamorig_Neck-anim" name="mixamorig_Neck">
      <source id="mixamorig_Neck-Matrix-animation-input">
        <float_array id="mixamorig_Neck-Matrix-animation-input-array" count="40">

0.000000 0.033333 0.066667 0.100000 0.133333 0.166667 0.200000 0.233333 0.266667 0.300000 0.333333 0.366667 0.400000 0.433333 0.466667 0.500000
0.533333 0.566667 0.600000 0.633333 0.666667 0.700000 0.733333 0.766667 0.800000 0.833333 0.866667 0.900000 0.933333 0.966667 1.000000 1.033333
1.066667 1.100000 1.133333 1.166667 1.200000 1.233333 1.266667 1.300000</float_array>
        <technique_common>
          <accessor source="#mixamorig_Neck-Matrix-animation-input-array" count="40">
            <param name="TIME" type="float"/>
          </accessor>
        </technique_common>
      </source>
      <source id="mixamorig_Neck-Matrix-animation-output-transform">
        <float_array id="mixamorig_Neck-Matrix-animation-output-transform-array" count="640">

0.996250 0.076127 0.041116 0.000000 -0.076679 0.996983 0.012012 13.877500 -0.040078 -0.015120 0.999082 -4.354200 0.000000 0.000000 0.000000 1.000000
0.995711 0.075018 0.054153 -0.000000 -0.075945 0.996995 0.015274 13.877500 -0.052844 -0.019321 0.998416 -4.354200 0.000000 0.000000 0.000000 1.000000
0.994189 0.077170 0.075057 0.000000 -0.079034 0.996625 0.022183 13.877500 -0.073092 -0.027986 0.996932 -4.354200 0.000000 0.000000 0.000000 1.000000
0.991452 0.086491 0.097681 -0.000000 -0.089901 0.995466 0.031055 13.877500 -0.094552 -0.039571 0.994733 -4.354200 0.000000 0.000000 0.000000 1.000000
0.987972 0.101960 0.116259 0.000000 -0.106989 0.993540 0.037848 13.877500 -0.111649 -0.049831 0.992498 -4.354200 0.000000 0.000000 0.000000 1.000000
0.984975 0.116079 0.127869 0.000000 -0.121716 0.991869 0.037171 13.877500 -0.122514 -0.052176 0.991094 -4.354200 0.000000 0.000000 0.000000 1.000000
0.983484 0.122793 0.132967 0.000000 -0.127036 0.991611 0.023872 13.877500 -0.128920 -0.040369 0.990833 -4.354200 0.000000 0.000000 0.000000 1.000000
0.982844 0.126243 0.134461 0.000000 -0.126837 0.991915 -0.004167 13.877500 -0.133900 -0.012959 0.990910 -4.354200 0.000000 0.000000 0.000000 1.000000
0.980975 0.137839 0.136707 0.000000 -0.133653 0.990245 -0.039388 13.877500 -0.140802 0.020368 0.989828 -4.354200 0.000000 0.000000 0.000000 1.000000
0.976456 0.161679 0.142803 0.000000 -0.154280 0.986110 -0.061527 13.877500 -0.150767 0.038047 0.987837 -4.354200 0.000000 0.000000 0.000000 1.000000
0.971261 0.184387 0.150514 -0.000000 -0.178787 0.982614 -0.050043 13.877500 -0.157125 0.021695 0.987340 -4.354200 0.000000 0.000000 0.000000 1.000000
0.971034 0.184620 0.151686 0.000000 -0.185848 0.982559 -0.006167 13.877500 -0.150179 -0.022202 0.988410 -4.354200 0.000000 0.000000 0.000000 1.000000
0.978122 0.155626 0.138049 0.000000 -0.162347 0.985972 0.038773 13.877500 -0.130078 -0.060336 0.989666 -4.354200 0.000000 0.000000 0.000000 1.000000
0.986987 0.117337 0.109951 -0.000000 -0.122968 0.991349 0.045892 13.877500 -0.103615 -0.058815 0.992877 -4.354200 0.000000 0.000000 0.000000 1.000000
0.991601 0.102157 0.079312 0.000000 -0.103037 0.994652 0.007073 13.877500 -0.078165 -0.015186 0.996825 -4.354200 0.000000 0.000000 0.000000 1.000000
0.990315 0.125292 0.059810 0.000000 -0.122612 0.991362 -0.046567 13.877500 -0.065128 0.038783 0.997123 -4.354200 0.000000 0.000000 0.000000 1.000000
0.983852 0.170567 0.054244 0.000000 -0.165927 0.982814 -0.080901 13.877500 -0.067111 0.070594 0.995245 -4.354200 0.000000 0.000000 0.000000 1.000000
0.976817 0.206918 0.054894 0.000000 -0.201461 0.975244 -0.091174 13.877500 -0.072401 0.078002 0.994321 -4.354200 0.000000 0.000000 0.000000 1.000000
0.974632 0.216722 0.055892 -0.000000 -0.210866 0.972863 -0.095250 13.877500 -0.075018 0.081048 0.993883 -4.354200 0.000000 0.000000 0.000000 1.000000
0.976458 0.206625 0.061936 0.000000 -0.199285 0.974017 -0.107591 13.877500 -0.082557 0.092715 0.992264 -4.354200 0.000000 0.000000 0.000000 1.000000
0.977371 0.194648 0.082808 0.000000 -0.183525 0.974957 -0.125610 13.877500 -0.105184 0.107570 0.988618 -4.354200 0.000000 0.000000 0.000000 1.000000
0.974238 0.190737 0.120332 0.000000 -0.173680 0.974918 -0.139175 13.877500 -0.143859 0.114690 0.982930 -4.354200 0.000000 0.000000 0.000000 1.000000
0.967962 0.190487 0.163596 -0.000000 -0.167525 0.975245 -0.144337 13.877500 -0.187041 0.112306 0.975911 -4.354200 0.000000 0.000000 0.000000 1.000000
0.962649 0.184722 0.197949 0.000000 -0.157927 0.976946 -0.143649 13.877500 -0.219921 0.107022 0.969629 -4.354200 0.000000 0.000000 0.000000 1.000000
0.961243 0.170901 0.216345 0.000000 -0.142630 0.979787 -0.140263 13.877500 -0.235943 0.103970 0.966189 -4.354200 0.000000 0.000000 0.000000 1.000000
0.962809 0.154510 0.221643 0.000000 -0.126535 0.982681 -0.135376 13.877500 -0.238721 0.102296 0.965685 -4.354200 0.000000 0.000000 0.000000 1.000000
0.964978 0.141986 0.220586 0.000000 -0.115488 0.984928 -0.128761 13.877500 -0.235543 0.098777 0.966831 -4.354200 0.000000 0.000000 0.000000 1.000000
0.966869 0.134353 0.217056 0.000000 -0.110103 0.986620 -0.120243 13.877500 -0.230307 0.092361 0.968725 -4.354200 0.000000 0.000000 0.000000 1.000000
0.969268 0.127213 0.210563 0.000000 -0.105762 0.988264 -0.110218 13.877500 -0.222113 0.084561 0.971347 -4.354200 0.000000 0.000000 0.000000 1.000000
0.973126 0.115302 0.199325 0.000000 -0.097038 0.990333 -0.099121 13.877500 -0.208827 0.077115 0.974907 -4.354200 0.000000 0.000000 0.000000 1.000000
0.978299 0.096752 0.183220 0.000000 -0.081841 0.992816 -0.087285 13.877500 -0.190349 0.070396 0.979189 -4.354200 0.000000 0.000000 0.000000 1.000000
0.983645 0.074210 0.164122 0.000000 -0.062531 0.995204 -0.075225 13.877500 -0.168918 0.063732 0.983567 -4.354200 0.000000 0.000000 0.000000 1.000000
0.988069 0.052950 0.144626 0.000000 -0.044115 0.996998 -0.063629 13.877500 -0.147561 0.056490 0.987438 -4.354200 0.000000 0.000000 0.000000 1.000000
0.991211 0.037892 0.126747 -0.000000 -0.031378 0.998101 -0.053002 13.877500 -0.128515 0.048559 0.990518 -4.354200 0.000000 0.000000 0.000000 1.000000
0.993313 0.031656 0.111031 -0.000000 -0.027006 0.998704 -0.043142 13.877500 -0.112253 0.039855 0.992880 -4.354200 0.000000 0.000000 0.000000 1.000000
0.994766 0.034373 0.096225 -0.000000 -0.031338 0.998968 -0.032874 13.877500 -0.097256 0.029686 0.994817 -4.354200 0.000000 0.000000 0.000000 1.000000
