<?xml version="1.0" encoding="utf-8"?>
<COLLADA xmlns="http://www.collada.org/2005/11/COLLADASchema" version="1.4.1">
  <asset>
    <contributor>
      <author>Mixamo</author>
      <authoring_tool>COLLADA Mixamo exporter</authoring_tool>
      <comments/>
    </contributor>
    <created>2024-02-07T15:08:02Z</created>
    <modified>2024-02-07T15:08:02Z</modified>
    <revision/>
    <title/>
    <unit meter="0.010000"/>
    <up_axis>Y_UP</up_axis>
  </asset>
  <library_animations>
    <animation id="mixamorig_Hips-anim" name="mixamorig_Hips">
      <source id="mixamorig_Hips-Matrix-animation-input">
        <float_array id="mixamorig_Hips-Matrix-animation-input-array" count="137">

0.000000 0.033333 0.066667 0.100000 0.133333 0.166667 0.200000 0.233333 0.266667 0.300000 0.333333 0.366667 0.400000 0.433333 0.466667 0.500000
0.533333 0.566667 0.600000 0.633333 0.666667 0.700000 0.733333 0.766667 0.800000 0.833333 0.866667 0.900000 0.933333 0.966667 1.000000 1.033333
1.066667 1.100000 1.133333 1.166667 1.200000 1.233333 1.266667 1.300000 1.333333 1.366667 1.400000 1.433333 1.466667 1.500000 1.533333 1.566667
1.600000 1.633333 1.666667 1.700000 1.733333 1.766667 1.800000 1.833333 1.866667 1.900000 1.933333 1.966667 2.000000 2.033333 2.066667 2.100000
2.133333 2.166667 2.200000 2.233333 2.266667 2.300000 2.333333 2.366667 2.400000 2.433333 2.466667 2.500000 2.533333 2.566667 2.600000 2.633333
2.666667 2.700000 2.733333 2.766667 2.800000 2.833333 2.866667 2.900000 2.933333 2.966667 3.000000 3.033333 3.066667 3.100000 3.133333 3.166667
3.200000 3.233333 3.266667 3.300000 3.333333 3.366667 3.400000 3.433333 3.466667 3.500000 3.533333 3.566667 3.600000 3.633333 3.666667 3.700000
3.733333 3.766667 3.800000 3.833333 3.866667 3.900000 3.933333 3.966667 4.000000 4.033333 4.066667 4.100000 4.133333 4.166667 4.200000 4.233333
4.266667 4.300000 4.333333 4.366667 4.400000 4.433333 4.466667 4.500000 4.533333</float_array>
        <technique_common>
          <accessor source="#mixamorig_Hips-Matrix-animation-input-array" count="137">
            <param name="TIME" type="float"/>
          </accessor>
        </technique_common>
      </source>
      <source id="mixamorig_Hips-Matrix-animation-output-transform">
        <float_array id="mixamorig_Hips-Matrix-animation-output-transform-array" count="2192">

0.995066 0.065669 -0.074377 -1.125734 -0.089319 0.266474 -0.959695 68.555099 -0.043202 0.961602 0.271025 8.286695 0.000000 0.000000 0.000000 1.000000
0.994787 0.061598 -0.081265 -1.140875 -0.094718 0.262970 -0.960143 68.619125 -0.037773 0.962836 0.267434 9.631934 0.000000 0.000000 0.000000 1.000000
0.994509 0.057441 -0.087483 -1.162377 -0.099466 0.258807 -0.960794 68.695396 -0.032548 0.964220 0.263099 10.970719 0.000000 0.000000 0.000000 1.000000
0.994115 0.054522 -0.093605 -1.211398 -0.104469 0.254013 -0.961542 68.751022 -0.028648 0.965663 0.258214 12.322480 0.000000 0.000000 0.000000 1.000000
0.993478 0.051566 -0.101694 -1.233111 -0.111366 0.247507 -0.962465 68.801331 -0.024460 0.967513 0.251635 13.680477 0.000000 0.000000 0.000000 1.000000
0.992702 0.047735 -0.110741 -1.179999 -0.119008 0.239468 -0.963583 68.873116 -0.019477 0.969730 0.243401 15.054422 0.000000 0.000000 0.000000 1.000000
0.992058 0.042974 -0.118209 -1.061114 -0.124994 0.232064 -0.964636 68.931648 -0.014022 0.971751 0.235592 16.451696 0.000000 0.000000 0.000000 1.000000
0.991611 0.037629 -0.123660 -0.897287 -0.128992 0.226705 -0.965384 68.945213 -0.008292 0.973236 0.229657 17.905916 0.000000 0.000000 0.000000 1.000000
0.991253 0.032663 -0.127872 -0.730035 -0.131939 0.221874 -0.966108 68.928459 -0.003184 0.974528 0.224242 19.346828 0.000000 0.000000 0.000000 1.000000
0.991044 0.027822 -0.130608 -0.591817 -0.133530 0.217161 -0.966959 68.892281 0.001460 0.975739 0.218931 20.715481 0.000000 0.000000 0.000000 1.000000
0.991018 0.023231 -0.131698 -0.493411 -0.133613 0.213404 -0.967784 68.815147 0.005622 0.976688 0.214591 22.075684 0.000000 0.000000 0.000000 1.000000
0.990973 0.019358 -0.132657 -0.443888 -0.133755 0.209679 -0.968578 68.704208 0.009066 0.977579 0.210376 23.439878 0.000000 0.000000 0.000000 1.000000
0.990713 0.016427 -0.134974 -0.430874 -0.135461 0.205125 -0.969316 68.575966 0.011764 0.978598 0.205445 24.798420 0.000000 0.000000 0.000000 1.000000
0.990343 0.013661 -0.137965 -0.438347 -0.137916 0.198604 -0.970328 68.459213 0.014145 0.979985 0.198570 26.160070 0.000000 0.000000 0.000000 1.000000
0.989944 0.010159 -0.141094 -0.449961 -0.140422 0.191128 -0.971469 68.353485 0.017098 0.981513 0.190632 27.552498 0.000000 0.000000 0.000000 1.000000
0.989497 0.006119 -0.144427 -0.482781 -0.143078 0.183976 -0.972462 68.257828 0.020621 0.982912 0.182919 28.983120 0.000000 0.000000 0.000000 1.000000
0.989225 0.002408 -0.146384 -0.514036 -0.144517 0.176042 -0.973717 68.183128 0.023425 0.984380 0.174493 30.468452 0.000000 0.000000 0.000000 1.000000
0.989053 -0.001436 -0.147557 -0.548968 -0.145241 0.167243 -0.975159 68.145676 0.026079 0.985915 0.165204 31.955812 0.000000 0.000000 0.000000 1.000000
0.988626 -0.005154 -0.150305 -0.585566 -0.147597 0.158591 -0.976250 68.141212 0.028868 0.987331 0.156026 33.439251 0.000000 0.000000 0.000000 1.000000
0.987963 -0.008610 -0.154448 -0.601118 -0.151420 0.150306 -0.976975 68.157394 0.031626 0.988602 0.147193 34.950775 0.000000 0.000000 0.000000 1.000000
0.987350 -0.012021 -0.158101 -0.618086 -0.154800 0.142714 -0.977584 68.182236 0.034315 0.989691 0.139048 36.470333 0.000000 0.000000 0.000000 1.000000
0.986816 -0.014922 -0.161157 -0.642589 -0.157664 0.136269 -0.978045 68.196587 0.036555 0.990559 0.132120 38.004433 0.000000 0.000000 0.000000 1.000000
0.986371 -0.018743 -0.163466 -0.655876 -0.159649 0.131345 -0.978397 68.199791 0.039809 0.991159 0.126563 39.522339 0.000000 0.000000 0.000000 1.000000
0.985962 -0.024867 -0.165107 -0.643579 -0.160684 0.127439 -0.978744 68.193077 0.045380 0.991535 0.121654 41.146866 0.000000 0.000000 0.000000 1.000000
0.985479 -0.030392 -0.167057 -0.639413 -0.162128 0.123965 -0.978952 68.188377 0.050462 0.991821 0.117238 42.902519 0.000000 0.000000 0.000000 1.000000
0.985123 -0.034827 -0.168287 -0.657132 -0.162953 0.121741 -0.979094 68.207581 0.054586 0.991951 0.114255 44.646645 0.000000 0.000000 0.000000 1.000000
0.984939 -0.039242 -0.168392 -0.664103 -0.162653 0.120061 -0.979351 68.246773 0.058649 0.991991 0.111870 46.430321 0.000000 0.000000 0.000000 1.000000
0.984796 -0.043098 -0.168285 -0.655365 -0.162207 0.118612 -0.979602 68.286530 0.062179 0.992005 0.109818 48.255562 0.000000 0.000000 0.000000 1.000000
0.984778 -0.046400 -0.167507 -0.652107 -0.161105 0.118076 -0.979848 68.306091 0.065244 0.991920 0.108804 50.077850 0.000000 0.000000 0.000000 1.000000
0.985276 -0.048296 -0.164011 -0.641346 -0.157433 0.117871 -0.980470 68.308952 0.066684 0.991854 0.108532 51.907276 0.000000 0.000000 0.000000 1.000000
0.986280 -0.048387 -0.157829 -0.631524 -0.151312 0.117262 -0.981506 68.317574 0.065999 0.991922 0.108331 53.753918 0.000000 0.000000 0.000000 1.000000
0.987260 -0.047946 -0.151719 -0.630578 -0.145364 0.115978 -0.982557 68.347977 0.064706 0.992094 0.107531 55.604420 0.000000 0.000000 0.000000 1.000000
0.987960 -0.047154 -0.147350 -0.629747 -0.141184 0.114675 -0.983319 68.407066 0.063265 0.992283 0.106637 57.505531 0.000000 0.000000 0.000000 1.000000
0.988331 -0.046629 -0.145011 -0.614223 -0.139024 0.112904 -0.983832 68.439423 0.062247 0.992511 0.105104 59.405296 0.000000 0.000000 0.000000 1.000000
0.988575 -0.045488 -0.143705 -0.592042 -0.137988 0.110562 -0.984243 68.438873 0.060659 0.992828 0.103022 61.301311 0.000000 0.000000 0.000000 1.000000
0.988682 -0.044011 -0.143428 -0.563203 -0.137999 0.108300 -0.984493 68.404472 0.058862 0.993144 0.101001 63.200405 0.000000 0.000000 0.000000 1.000000
0.988475 -0.042848 -0.145195 -0.521612 -0.140001 0.106168 -0.984443 68.345238 0.057597 0.993425 0.098946 65.086029 0.000000 0.000000 0.000000 1.000000
0.988047 -0.042028 -0.148311 -0.455335 -0.143326 0.103709 -0.984227 68.278564 0.056746 0.993719 0.096446 66.962387 0.000000 0.000000 0.000000 1.000000
0.987606 -0.041865 -0.151269 -0.377249 -0.146444 0.100978 -0.984052 68.208931 0.056472 0.994007 0.093595 68.815063 0.000000 0.000000 0.000000 1.000000
0.987157 -0.041653 -0.154228 -0.300788 -0.149492 0.099560 -0.983738 68.121582 0.056331 0.994159 0.092054 70.639351 0.000000 0.000000 0.000000 1.000000
0.986708 -0.041318 -0.157161 -0.218701 -0.152414 0.100135 -0.983231 68.015030 0.056363 0.994116 0.092506 72.432442 0.000000 0.000000 0.000000 1.000000
0.986255 -0.041527 -0.159928 -0.114820 -0.155033 0.102211 -0.982608 67.916885 0.057151 0.993896 0.094368 74.190987 0.000000 0.000000 0.000000 1.000000
0.986129 -0.041038 -0.160829 -0.004078 -0.155818 0.104987 -0.982191 67.841667 0.057192 0.993626 0.097137 75.922417 0.000000 0.000000 0.000000 1.000000
0.986444 -0.039228 -0.159338 0.099335 -0.154337 0.108075 -0.982090 67.766731 0.055746 0.993369 0.100556 77.612869 0.000000 0.000000 0.000000 1.000000
0.986841 -0.036940 -0.157421 0.199985 -0.152472 0.111549 -0.981992 67.673546 0.053835 0.993072 0.104449 79.257523 0.000000 0.000000 0.000000 1.000000
0.987190 -0.034427 -0.155791 0.288619 -0.150893 0.115806 -0.981743 67.581520 0.051840 0.992675 0.109128 80.861053 0.000000 0.000000 0.000000 1.000000
0.987687 -0.031180 -0.153304 0.352882 -0.148582 0.119761 -0.981621 67.516525 0.048966 0.992313 0.113653 82.415001 0.000000 0.000000 0.000000 1.000000
0.988222 -0.027583 -0.150519 0.395716 -0.146052 0.123534 -0.981534 67.458664 0.045668 0.991957 0.118051 83.912529 0.000000 0.000000 0.000000 1.000000
0.988584 -0.024463 -0.148669 0.422671 -0.144366 0.128611 -0.981131 67.387482 0.043122 0.991393 0.123611 85.377663 0.000000 0.000000 0.000000 1.000000
0.988875 -0.021612 -0.147172 0.432540 -0.142958 0.135334 -0.980432 67.321320 0.041106 0.990564 0.130739 86.833221 0.000000 0.000000 0.000000 1.000000
0.989220 -0.018529 -0.145258 0.427242 -0.141160 0.143196 -0.979576 67.273270 0.038951 0.989521 0.139037 88.288712 0.000000 0.000000 0.000000 1.000000
0.989591 -0.016104 -0.143007 0.410729 -0.138936 0.152103 -0.978551 67.240013 0.037510 0.988234 0.148282 89.752693 0.000000 0.000000 0.000000 1.000000
0.989983 -0.014975 -0.140391 0.385544 -0.136162 0.161675 -0.977405 67.213181 0.037334 0.986730 0.158016 91.222946 0.000000 0.000000 0.000000 1.000000
0.990444 -0.013502 -0.137250 0.336907 -0.132904 0.172322 -0.976034 67.177101 0.036830 0.984948 0.168881 92.681145 0.000000 0.000000 0.000000 1.000000
0.990853 -0.011858 -0.134422 0.258946 -0.129969 0.184137 -0.974270 67.120750 0.036305 0.982829 0.180912 94.101433 0.000000 0.000000 0.000000 1.000000
0.991346 -0.010942 -0.130816 0.169310 -0.126106 0.197459 -0.972166 67.051544 0.036468 0.980250 0.194371 95.503883 0.000000 0.000000 0.000000 1.000000
0.992078 -0.009720 -0.125247 0.068202 -0.120378 0.211554 -0.969925 66.985039 0.035924 0.977318 0.208708 96.920700 0.000000 0.000000 0.000000 1.000000
0.992739 -0.008602 -0.119982 -0.044644 -0.114978 0.225273 -0.967487 66.933609 0.035351 0.974258 0.222649 98.348190 0.000000 0.000000 0.000000 1.000000
0.993224 -0.007827 -0.115956 -0.152904 -0.110761 0.238430 -0.964823 66.903854 0.035199 0.971128 0.235948 99.802513 0.000000 0.000000 0.000000 1.000000
0.993699 -0.006296 -0.111908 -0.245368 -0.106785 0.250209 -0.962285 66.892540 0.034059 0.968171 0.247960 101.310188 0.000000 0.000000 0.000000 1.000000
0.994044 -0.003985 -0.108906 -0.332192 -0.104129 0.260075 -0.959957 66.880272 0.032150 0.965580 0.258111 102.858955 0.000000 0.000000 0.000000 1.000000
0.994186 -0.002458 -0.107651 -0.406978 -0.103077 0.267439 -0.958046 66.865952 0.031145 0.963572 0.265631 104.441490 0.000000 0.000000 0.000000 1.000000
0.994262 -0.001808 -0.106958 -0.453595 -0.102459 0.271294 -0.957028 66.891830 0.030747 0.962495 0.269552 106.039307 0.000000 0.000000 0.000000 1.000000
0.994282 -0.001314 -0.106778 -0.484679 -0.102419 0.271314 -0.957026 66.979172 0.030228 0.962490 0.269628 107.643692 0.000000 0.000000 0.000000 1.000000
0.994192 -0.001464 -0.107608 -0.514646 -0.103284 0.267919 -0.957889 67.104256 0.030232 0.963440 0.266212 109.291870 0.000000 0.000000 0.000000 1.000000
0.993868 -0.001840 -0.110562 -0.555417 -0.106229 0.261744 -0.959273 67.215881 0.030704 0.965135 0.259944 110.783531 0.000000 0.000000 0.000000 1.000000
0.993446 -0.001029 -0.114294 -0.588164 -0.110263 0.254759 -0.960698 67.312981 0.030106 0.967004 0.252976 112.159378 0.000000 0.000000 0.000000 1.000000
0.993176 -0.000210 -0.116622 -0.610877 -0.112911 0.248524 -0.962022 67.425835 0.029186 0.968626 0.246805 113.549774 0.000000 0.000000 0.000000 1.000000
0.992984 0.000676 -0.118246 -0.618373 -0.114867 0.242937 -0.963217 67.546059 0.028075 0.970042 0.241310 114.878922 0.000000 0.000000 0.000000 1.000000
0.992546 0.000886 -0.121867 -0.629274 -0.118578 0.237863 -0.964033 67.661674 0.028134 0.971298 0.236195 116.167732 0.000000 0.000000 0.000000 1.000000
0.991904 -0.000625 -0.126992 -0.642466 -0.123321 0.233986 -0.964387 67.740395 0.030317 0.972240 0.232014 117.453613 0.000000 0.000000 0.000000 1.000000
0.991218 -0.002721 -0.132213 -0.660938 -0.127997 0.231516 -0.964374 67.756912 0.033233 0.972827 0.229135 118.734230 0.000000 0.000000 0.000000 1.000000
0.990600 -0.003930 -0.136732 -0.680334 -0.132181 0.229759 -0.964230 67.749809 0.035204 0.973240 0.227079 120.022018 0.000000 0.000000 0.000000 1.000000
0.990122 -0.004409 -0.140137 -0.712592 -0.135411 0.229106 -0.963937 67.744682 0.036356 0.973391 0.226246 121.313873 0.000000 0.000000 0.000000 1.000000
0.989688 -0.004553 -0.143165 -0.766209 -0.138324 0.229149 -0.963513 67.730133 0.037193 0.973381 0.226156 122.619278 0.000000 0.000000 0.000000 1.000000
0.989151 -0.003781 -0.146856 -0.845098 -0.142084 0.229365 -0.962914 67.702972 0.037325 0.973333 0.226340 123.926811 0.000000 0.000000 0.000000 1.000000
0.988658 -0.002750 -0.150161 -0.940077 -0.145566 0.228544 -0.962589 67.681389 0.036966 0.973530 0.225552 125.230133 0.000000 0.000000 0.000000 1.000000
0.988318 -0.001900 -0.152393 -1.042354 -0.148022 0.226096 -0.962793 67.685860 0.036285 0.974103 0.223174 126.531761 0.000000 0.000000 0.000000 1.000000
0.988063 -0.001352 -0.154044 -1.156067 -0.149942 0.220944 -0.963691 67.727814 0.035338 0.975286 0.218104 127.800476 0.000000 0.000000 0.000000 1.000000
0.987901 -0.001758 -0.155074 -1.225349 -0.151151 0.212846 -0.965324 67.763672 0.034704 0.977084 0.210005 129.036880 0.000000 0.000000 0.000000 1.000000
0.987732 -0.001852 -0.156150 -1.188777 -0.152452 0.205212 -0.966771 67.746353 0.033835 0.978716 0.202412 130.304962 0.000000 0.000000 0.000000 1.000000
0.987494 -0.000410 -0.157656 -1.128075 -0.154377 0.200398 -0.967475 67.704903 0.031990 0.979714 0.197829 131.574570 0.000000 0.000000 0.000000 1.000000
0.987375 0.001835 -0.158388 -1.113135 -0.155637 0.197162 -0.967938 67.703697 0.029452 0.980369 0.194958 132.823059 0.000000 0.000000 0.000000 1.000000
0.987405 0.004173 -0.158159 -1.153641 -0.155915 0.195467 -0.968237 67.745644 0.026874 0.980701 0.193655 134.077866 0.000000 0.000000 0.000000 1.000000
0.987489 0.006017 -0.157573 -1.246702 -0.155710 0.194968 -0.968371 67.799774 0.024895 0.980791 0.193466 135.353897 0.000000 0.000000 0.000000 1.000000
0.987464 0.006291 -0.157716 -1.358454 -0.155893 0.195399 -0.968254 67.839088 0.024726 0.980704 0.193931 136.664139 0.000000 0.000000 0.000000 1.000000
0.987432 0.005255 -0.157955 -1.464357 -0.155906 0.196154 -0.968100 67.891335 0.025896 0.980559 0.194508 138.003815 0.000000 0.000000 0.000000 1.000000
0.987485 0.003335 -0.157677 -1.553513 -0.155246 0.196641 -0.968107 67.974678 0.027777 0.980470 0.194698 139.368423 0.000000 0.000000 0.000000 1.000000
0.987666 0.001070 -0.156570 -1.603147 -0.153716 0.196798 -0.968319 68.071457 0.029776 0.980443 0.194535 140.764282 0.000000 0.000000 0.000000 1.000000
0.988114 -0.000597 -0.153721 -1.628889 -0.150616 0.196239 -0.968920 68.178993 0.030744 0.980556 0.193817 142.183884 0.000000 0.000000 0.000000 1.000000
0.988723 -0.001364 -0.149750 -1.633596 -0.146622 0.194711 -0.969840 68.308739 0.030480 0.980860 0.192315 143.621460 0.000000 0.000000 0.000000 1.000000
0.989257 -0.001568 -0.146178 -1.623270 -0.143158 0.192098 -0.970878 68.449692 0.029603 0.981374 0.189810 145.074585 0.000000 0.000000 0.000000 1.000000
0.989646 -0.001296 -0.143521 -1.606711 -0.140723 0.187938 -0.972047 68.573936 0.028232 0.982180 0.185810 146.723740 0.000000 0.000000 0.000000 1.000000
0.990010 -0.000571 -0.140993 -1.575517 -0.138500 0.183315 -0.973249 68.677567 0.026401 0.983054 0.181404 148.510712 0.000000 0.000000 0.000000 1.000000
0.990283 0.000599 -0.139063 -1.517760 -0.136932 0.178624 -0.974342 68.783592 0.024256 0.983917 0.176970 150.305801 0.000000 0.000000 0.000000 1.000000
0.990424 0.002184 -0.138042 -1.438680 -0.136320 0.173708 -0.975317 68.900528 0.021849 0.984795 0.172342 152.119293 0.000000 0.000000 0.000000 1.000000
0.990582 0.004036 -0.136858 -1.349495 -0.135566 0.169000 -0.976248 69.005409 0.019189 0.985608 0.167955 153.934540 0.000000 0.000000 0.000000 1.000000
0.990719 0.006289 -0.135780 -1.250484 -0.134952 0.164830 -0.977046 69.098434 0.016236 0.986302 0.164149 155.755615 0.000000 0.000000 0.000000 1.000000
0.990618 0.008747 -0.136383 -1.148633 -0.136005 0.160908 -0.977554 69.191284 0.013394 0.986931 0.160588 157.587112 0.000000 0.000000 0.000000 1.000000
0.990271 0.011350 -0.138689 -1.052192 -0.138727 0.158427 -0.977577 69.243568 0.010877 0.987306 0.158460 159.384018 0.000000 0.000000 0.000000 1.000000
0.989895 0.014234 -0.141086 -0.959495 -0.141551 0.158396 -0.977177 69.222435 0.008438 0.987273 0.158810 161.161179 0.000000 0.000000 0.000000 1.000000
0.989723 0.016812 -0.142005 -0.875952 -0.142862 0.159222 -0.976851 69.177116 0.006187 0.987100 0.159987 162.926453 0.000000 0.000000 0.000000 1.000000
0.989766 0.020062 -0.141279 -0.801426 -0.142669 0.158658 -0.976972 69.163452 0.002815 0.987130 0.159896 164.691147 0.000000 0.000000 0.000000 1.000000
0.989905 0.023724 -0.139735 -0.712093 -0.141730 0.157380 -0.977315 69.142502 -0.001194 0.987253 0.159154 166.479446 0.000000 0.000000 0.000000 1.000000
0.990128 0.025589 -0.137810 -0.601162 -0.140129 0.158086 -0.977432 69.027237 -0.003226 0.987094 0.160111 168.281082 0.000000 0.000000 0.000000 1.000000
0.990438 0.026882 -0.135315 -0.494329 -0.137882 0.159978 -0.977443 68.850006 -0.004629 0.986754 0.162155 170.065186 0.000000 0.000000 0.000000 1.000000
0.990937 0.029371 -0.131077 -0.399946 -0.134121 0.162187 -0.977603 68.699959 -0.007454 0.986323 0.164656 171.842133 0.000000 0.000000 0.000000 1.000000
0.991543 0.032223 -0.125712 -0.291486 -0.129328 0.164972 -0.977782 68.572098 -0.010769 0.985772 0.167744 173.623230 0.000000 0.000000 0.000000 1.000000
0.991960 0.034937 -0.121636 -0.178594 -0.125821 0.168922 -0.977566 68.428635 -0.013606 0.985010 0.171960 175.378510 0.000000 0.000000 0.000000 1.000000
0.992277 0.037326 -0.118290 -0.079385 -0.123011 0.173524 -0.977117 68.281967 -0.015946 0.984122 0.176775 177.092926 0.000000 0.000000 0.000000 1.000000
0.992573 0.038995 -0.115234 0.013156 -0.120372 0.177678 -0.976699 68.152161 -0.017612 0.983316 0.181053 178.779892 0.000000 0.000000 0.000000 1.000000
0.992794 0.040559 -0.112762 0.101180 -0.118287 0.180934 -0.976356 68.038803 -0.019198 0.982659 0.184428 180.438980 0.000000 0.000000 0.000000 1.000000
0.992959 0.042025 -0.110750 0.170967 -0.116637 0.183712 -0.976036 67.931946 -0.020672 0.982081 0.187320 182.060852 0.000000 0.000000 0.000000 1.000000
0.993153 0.044003 -0.108219 0.217835 -0.114573 0.185953 -0.975856 67.835571 -0.022817 0.981573 0.189722 183.648285 0.000000 0.000000 0.000000 1.000000
0.993411 0.046012 -0.104967 0.249505 -0.111788 0.187073 -0.975965 67.759422 -0.025269 0.981268 0.190984 185.185898 0.000000 0.000000 0.000000 1.000000
0.993596 0.047669 -0.102444 0.261801 -0.109681 0.189036 -0.975826 67.694809 -0.027151 0.980812 0.193054 186.654526 0.000000 0.000000 0.000000 1.000000
0.993727 0.049837 -0.100112 0.255148 -0.107911 0.192405 -0.975364 67.639511 -0.029347 0.980049 0.196576 188.084930 0.000000 0.000000 0.000000 1.000000
0.993889 0.051883 -0.097427 0.246159 -0.105815 0.196603 -0.974757 67.607208 -0.031419 0.979109 0.200892 189.510605 0.000000 0.000000 0.000000 1.000000
0.994142 0.053047 -0.094169 0.236954 -0.103030 0.201841 -0.973984 67.604042 -0.032660 0.977981 0.206124 190.946869 0.000000 0.000000 0.000000 1.000000
0.994460 0.053158 -0.090685 0.204665 -0.099835 0.207588 -0.973109 67.613014 -0.032904 0.976771 0.211745 192.347122 0.000000 0.000000 0.000000 1.000000
0.994836 0.053493 -0.086259 0.145574 -0.095778 0.213467 -0.972244 67.631668 -0.033594 0.975485 0.217488 193.678024 0.000000 0.000000 0.000000 1.000000
0.995180 0.054898 -0.081254 0.061415 -0.091437 0.220117 -0.971178 67.647430 -0.035431 0.973927 0.224076 194.946320 0.000000 0.000000 0.000000 1.000000
0.995419 0.056559 -0.077085 -0.048811 -0.088073 0.228712 -0.969502 67.633194 -0.037204 0.971850 0.232645 196.181778 0.000000 0.000000 0.000000 1.000000
0.995687 0.058707 -0.071842 -0.175597 -0.083924 0.239790 -0.967191 67.601761 -0.039554 0.969048 0.243683 197.443497 0.000000 0.000000 0.000000 1.000000
0.995989 0.062228 -0.064296 -0.301674 -0.077991 0.251516 -0.964706 67.570183 -0.043860 0.965851 0.255360 198.773163 0.000000 0.000000 0.000000 1.000000
0.996229 0.065878 -0.056466 -0.422132 -0.071871 0.261956 -0.962400 67.557838 -0.048609 0.962829 0.265703 200.146591 0.000000 0.000000 0.000000 1.000000
0.996379 0.068998 -0.049688 -0.535793 -0.066598 0.269988 -0.960558 67.578888 -0.052861 0.960388 0.273606 201.535278 0.000000 0.000000 0.000000 1.000000
0.996494 0.070555 -0.044958 -0.629610 -0.062803 0.275831 -0.959152 67.617645 -0.055273 0.958613 0.279295 202.965714 0.000000 0.000000 0.000000 1.000000
0.996566 0.071061 -0.042508 -0.704830 -0.060857 0.280430 -0.957943 67.684486 -0.056152 0.957240 0.283792 204.448410 0.000000 0.000000 0.000000 1.000000
0.996408 0.073027 -0.042878 -0.778774 -0.061955 0.283448 -0.956984 67.807526 -0.057732 0.956203 0.286954 205.976776 0.000000 0.000000 0.000000 1.000000
0.996128 0.075194 -0.045545 -0.845309 -0.065189 0.284218 -0.956541 67.948402 -0.058982 0.955807 0.288019 207.532761 0.000000 0.000000 0.000000 1.000000
0.995916 0.075877 -0.048938 -0.904805 -0.068620 0.283808 -0.956423 68.045471 -0.058682 0.955874 0.287856 209.087219 0.000000 0.000000 0.000000 1.000000
0.995755 0.075614 -0.052480 -0.962318 -0.071824 0.281796 -0.956782 68.127815 -0.057557 0.956490 0.286031 210.636887 0.000000 0.000000 0.000000 1.000000
0.995606 0.074696 -0.056467 -1.018372 -0.075160 0.277821 -0.957688 68.243538 -0.055847 0.957724 0.282215 212.175339 0.000000 0.000000 0.000000 1.000000
0.995467 0.072695 -0.061331 -1.068821 -0.079022 0.273302 -0.958677 68.372437 -0.052930 0.959178 0.277807 213.706940 0.000000 0.000000 0.000000 1.000000
0.995305 0.069510 -0.067352 -1.103881 -0.083743 0.269547 -0.959339 68.474564 -0.048529 0.960475 0.274102 215.228928 0.000000 0.000000 0.000000 1.000000
0.995066 0.065669 -0.074377 -1.125736 -0.089319 0.266474 -0.959695 68.555115 -0.043202 0.961602 0.271025 216.746658 0.000000 0.000000 0.000000 1.000000</float_array>
        <technique_common>
          <accessor source="#mixamorig_Hips-Matrix-animation-output-transform-array" count="137" stride="16">
            <param type="float4x4"/>
          </accessor>
        </technique_common>
      </source>
      <source id="mixamorig_Hips-Interpolations">
        <Name_array id="mixamorig_Hips-Interpolations-array" count="137">
 LINEAR LINEAR LINEAR LINEAR LINEAR LINEAR LINEAR LINEAR LINEAR LINEAR LINEAR
LINEAR LINEAR LINEAR LINEAR LINEAR LINEAR LINEAR LINEAR LINEAR LINEAR LINEAR LINEAR
LINEAR LINEAR LINEAR LINEAR LINEAR LINEAR LINEAR LINEAR LINEAR LINEAR LINEAR LINEAR
LINEAR LINEAR LINEAR LINEAR LINEAR LINEAR LINEAR LINEAR LINEAR LINEAR LINEAR LINEAR
LINEAR LINEAR LINEAR LINEAR LINEAR LINEAR LINEAR LINEAR LINEAR LINEAR LINEAR LINEAR
LINEAR LINEAR LINEAR LINEAR LINEAR LINEAR LINEAR LINEAR LINEAR LINEAR LINEAR LINEAR
LINEAR LINEAR LINEAR LINEAR LINEAR LINEAR LINEAR LINEAR LINEAR LINEAR LINEAR LINEAR
LINEAR LINEAR LINEAR LINEAR LINEAR LINEAR LINEAR LINEAR LINEAR LINEAR LINEAR LINEAR
LINEAR LINEAR LINEAR LINEAR LINEAR LINEAR LINEAR LINEAR LINEAR LINEAR LINEAR LINEAR
LINEAR LINEAR LINEAR LINEAR LINEAR LINEAR LINEAR LINEAR LINEAR LINEAR LINEAR LINEAR
LINEAR LINEAR LINEAR LINEAR LINEAR LINEAR LINEAR LINEAR LINEAR LINEAR LINEAR LINEAR
LINEAR LINEAR LINEAR LINEAR LINEAR LINEAR</Name_array>
        <technique_common>
          <accessor source="#mixamorig_Hips-Interpolations-array" count="137">
            <param type="name"/>
          </accessor>
        </technique_common>
      </source>
      <sampler id="mixamorig_Hips-Matrix-animation-transform">
        <input semantic="INPUT" source="#mixamorig_Hips-Matrix-animation-input"/>
        <input semantic="OUTPUT" source="#mixamorig_Hips-Matrix-animation-output-transform"/>
        <input semantic="INTERPOLATION" source="#mixamorig_Hips-Interpolations"/>
      </sampler>
      <channel source="#mixamorig_Hips-Matrix-animation-transform" target="mixamorig_Hips/matrix"/>
    </animation>
    <animation id="mixamorig_Spine-anim" name="mixamorig_Spine">
      <source id="mixamorig_Spine-Matrix-animation-input">
        <float_array id="mixamorig_Spine-Matrix-animation-input-array" count="137">

0.000000 0.033333 0.066667 0.100000 0.133333 0.166667 0.200000 0.233333 0.266667 0.300000 0.333333 0.366667 0.400000 0.433333 0.466667 0.500000
0.533333 0.566667 0.600000 0.633333 0.666667 0.700000 0.733333 0.766667 0.800000 0.833333 0.866667 0.900000 0.933333 0.966667 1.000000 1.033333
1.066667 1.100000 1.133333 1.166667 1.200000 1.233333 1.266667 1.300000 1.333333 1.366667 1.400000 1.433333 1.466667 1.500000 1.533333 1.566667
1.600000 1.633333 1.666667 1.700000 1.733333 1.766667 1.800000 1.833333 1.866667 1.900000 1.933333 1.966667 2.000000 2.033333 2.066667 2.100000
2.133333 2.166667 2.200000 2.233333 2.266667 2.300000 2.333333 2.366667 2.400000 2.433333 2.466667 2.500000 2.533333 2.566667 2.600000 2.633333
2.666667 2.700000 2.733333 2.766667 2.800000 2.833333 2.866667 2.900000 2.933333 2.966667 3.000000 3.033333 3.066667 3.100000 3.133333 3.166667
3.200000 3.233333 3.266667 3.300000 3.333333 3.366667 3.400000 3.433333 3.466667 3.500000 3.533333 3.566667 3.600000 3.633333 3.666667 3.700000
3.733333 3.766667 3.800000 3.833333 3.866667 3.900000 3.933333 3.966667 4.000000 4.033333 4.066667 4.100000 4.133333 4.166667 4.200000 4.233333
4.266667 4.300000 4.333333 4.366667 4.400000 4.433333 4.466667 4.500000 4.533333</float_array>
        <technique_common>
          <accessor source="#mixamorig_Spine-Matrix-animation-input-array" count="137">
            <param name="TIME" type="float"/>
          </accessor>
        </technique_common>
      </source>
      <source id="mixamorig_Spine-Matrix-animation-output-transform">
        <float_array id="mixamorig_Spine-Matrix-animation-output-transform-array" count="2192">

0.982345 0.088874 0.164622 0.000000 -0.074538 0.993028 -0.091316 9.226300 -0.171590 0.077433 0.982121 1.577100 0.000000 0.000000 0.000000 1.000000
0.981799 0.093227 0.165470 0.000000 -0.079181 0.992830 -0.089552 9.226300 -0.172632 0.074820 0.982141 1.577100 0.000000 0.000000 0.000000 1.000000
0.981291 0.097625 0.165943 0.000000 -0.084016 0.992646 -0.087156 9.226300 -0.173231 0.071583 0.982276 1.577100 0.000000 0.000000 0.000000 1.000000
0.980810 0.101191 0.166648 0.000000 -0.088053 0.992530 -0.084443 9.226300 -0.173948 0.068149 0.982394 1.577100 0.000000 0.000000 0.000000 1.000000
0.979920 0.105992 0.168883 0.000000 -0.093456 0.992360 -0.080548 9.226300 -0.176130 0.063147 0.982339 1.577100 0.000000 0.000000 0.000000 1.000000
0.978950 0.111414 0.171008 0.000000 -0.099784 0.992164 -0.075186 9.226300 -0.178045 0.056539 0.982397 1.577100 0.000000 0.000000 0.000000 1.000000
0.978057 0.117206 0.172244 -0.000000 -0.106769 0.991908 -0.068688 9.226300 -0.178901 0.048790 0.982657 1.577100 0.000000 0.000000 0.000000 1.000000
0.976991 0.123692 0.173752 -0.000000 -0.114782 0.991549 -0.060463 9.226300 -0.179762 0.039129 0.982932 1.577100 0.000000 0.000000 0.000000 1.000000
0.976069 0.129319 0.174830 0.000000 -0.121852 0.991141 -0.052836 9.226300 -0.180114 0.030268 0.983180 1.577100 0.000000 0.000000 0.000000 1.000000
0.975499 0.133247 0.175065 -0.000000 -0.127165 0.990835 -0.045561 9.226300 -0.179532 0.022183 0.983502 1.577100 0.000000 0.000000 0.000000 1.000000
0.975219 0.135443 0.174937 0.000000 -0.130821 0.990687 -0.037742 9.226300 -0.178420 0.013921 0.983856 1.577100 0.000000 0.000000 0.000000 1.000000
0.975225 0.134917 0.175312 0.000000 -0.131833 0.990843 -0.029175 9.226300 -0.177643 0.005340 0.984080 1.577100 0.000000 0.000000 0.000000 1.000000
0.975262 0.132123 0.177219 0.000000 -0.130795 0.991223 -0.019210 9.226300 -0.178202 -0.004444 0.983984 1.577100 0.000000 0.000000 0.000000 1.000000
0.975192 0.128710 0.180097 0.000000 -0.129345 0.991565 -0.008262 9.226300 -0.179642 -0.015238 0.983614 1.577100 0.000000 0.000000 0.000000 1.000000
0.975026 0.126172 0.182769 -0.000000 -0.128749 0.991675 0.002255 9.226300 -0.180963 -0.025730 0.983153 1.577100 0.000000 0.000000 0.000000 1.000000
0.974784 0.125238 0.184693 0.000000 -0.129743 0.991469 0.012461 9.226300 -0.181557 -0.036110 0.982717 1.577100 0.000000 0.000000 0.000000 1.000000
0.974724 0.123889 0.185914 0.000000 -0.130425 0.991185 0.023294 9.226300 -0.181389 -0.046953 0.982290 1.577100 0.000000 0.000000 0.000000 1.000000
0.974860 0.121352 0.186871 0.000000 -0.129859 0.990952 0.033926 9.226300 -0.181064 -0.057340 0.981798 1.577100 0.000000 0.000000 0.000000 1.000000
0.975118 0.117023 0.188281 0.000000 -0.127397 0.990878 0.043936 9.226300 -0.181422 -0.066830 0.981132 1.577100 0.000000 0.000000 0.000000 1.000000
0.975445 0.112377 0.189413 0.000000 -0.124595 0.990746 0.053839 9.226300 -0.181610 -0.076117 0.980420 1.577100 0.000000 0.000000 0.000000 1.000000
0.975794 0.108814 0.189701 0.000000 -0.122780 0.990403 0.063460 9.226300 -0.180975 -0.085215 0.979789 1.577100 0.000000 0.000000 0.000000 1.000000
0.976085 0.105453 0.190098 -0.000000 -0.121195 0.989930 0.073146 9.226300 -0.180471 -0.094436 0.979036 1.577100 0.000000 0.000000 0.000000 1.000000
0.976281 0.102732 0.190582 0.000000 -0.120201 0.989319 0.082459 9.226300 -0.180075 -0.103412 0.978202 1.577100 0.000000 0.000000 0.000000 1.000000
0.976295 0.102038 0.190882 0.000000 -0.121252 0.988366 0.091821 9.226300 -0.179292 -0.112789 0.977309 1.577100 0.000000 0.000000 0.000000 1.000000
0.976287 0.100745 0.191610 0.000000 -0.121859 0.987315 0.101783 9.226300 -0.178926 -0.122719 0.976179 1.577100 0.000000 0.000000 0.000000 1.000000
0.976359 0.098897 0.192203 -0.000000 -0.121636 0.986423 0.110335 9.226300 -0.178682 -0.131105 0.975133 1.577100 0.000000 0.000000 0.000000 1.000000
0.976515 0.096982 0.192385 -0.000000 -0.121153 0.985582 0.118115 9.226300 -0.178156 -0.138649 0.974185 1.577100 0.000000 0.000000 0.000000 1.000000
0.976584 0.094034 0.193498 0.000000 -0.119861 0.984711 0.126402 9.226300 -0.178653 -0.146635 0.972924 1.577100 0.000000 0.000000 0.000000 1.000000
0.976551 0.091224 0.195006 0.000000 -0.118503 0.983989 0.133127 9.226300 -0.179739 -0.153114 0.971725 1.577100 0.000000 0.000000 0.000000 1.000000
0.976717 0.088384 0.195480 0.000000 -0.116583 0.983576 0.137793 9.226300 -0.180091 -0.157375 0.970979 1.577100 0.000000 0.000000 0.000000 1.000000
0.976873 0.086004 0.195762 -0.000000 -0.114977 0.983195 0.141803 9.226300 -0.180277 -0.161032 0.970345 1.577100 0.000000 0.000000 0.000000 1.000000
0.976860 0.084452 0.196502 -0.000000 -0.114186 0.982781 0.145267 9.226300 -0.180850 -0.164343 0.969683 1.577100 0.000000 0.000000 0.000000 1.000000
0.976875 0.083454 0.196853 -0.000000 -0.113045 0.983067 0.144219 9.226300 -0.181484 -0.163137 0.969768 1.577100 0.000000 0.000000 0.000000 1.000000
0.976927 0.082735 0.196895 -0.000000 -0.111936 0.983500 0.142122 9.226300 -0.181888 -0.160882 0.970069 1.577100 0.000000 0.000000 0.000000 1.000000
0.976900 0.082572 0.197100 -0.000000 -0.111314 0.983945 0.139503 9.226300 -0.182416 -0.158221 0.970407 1.577100 0.000000 0.000000 0.000000 1.000000
0.976764 0.083088 0.197556 -0.000000 -0.111327 0.984376 0.136420 9.226300 -0.183134 -0.155244 0.970753 1.577100 0.000000 0.000000 0.000000 1.000000
0.976522 0.084268 0.198252 0.000000 -0.112072 0.984694 0.133481 9.226300 -0.183970 -0.152565 0.971020 1.577100 0.000000 0.000000 0.000000 1.000000
0.976241 0.086228 0.198790 0.000000 -0.113660 0.984847 0.130985 9.226300 -0.184484 -0.150467 0.971249 1.577100 0.000000 0.000000 0.000000 1.000000
0.975760 0.089778 0.199582 -0.000000 -0.116887 0.984801 0.128470 9.226300 -0.185015 -0.148685 0.971423 1.577100 0.000000 0.000000 0.000000 1.000000
0.975075 0.094386 0.200799 -0.000000 -0.121126 0.984693 0.125330 9.226300 -0.185896 -0.146528 0.971582 1.577100 0.000000 0.000000 0.000000 1.000000
0.974274 0.098792 0.202558 0.000000 -0.124979 0.984774 0.120830 9.226300 -0.187537 -0.143037 0.971787 1.577100 0.000000 0.000000 0.000000 1.000000
0.973401 0.102859 0.204719 0.000000 -0.128365 0.984983 0.115459 9.226300 -0.189769 -0.138666 0.971987 1.577100 0.000000 0.000000 0.000000 1.000000
0.972783 0.105955 0.206077 0.000000 -0.130629 0.985306 0.110035 9.226300 -0.191390 -0.133959 0.972330 1.577100 0.000000 0.000000 0.000000 1.000000
0.972453 0.107992 0.206574 -0.000000 -0.131739 0.985724 0.104851 9.226300 -0.192302 -0.129176 0.972797 1.577100 0.000000 0.000000 0.000000 1.000000
0.972247 0.109387 0.206809 0.000000 -0.131970 0.986326 0.098719 9.226300 -0.193183 -0.123272 0.973388 1.577100 0.000000 0.000000 0.000000 1.000000
0.972189 0.110343 0.206574 0.000000 -0.131287 0.987200 0.090552 9.226300 -0.193938 -0.115155 0.974232 1.577100 0.000000 0.000000 0.000000 1.000000
0.972378 0.110548 0.205574 -0.000000 -0.129681 0.988158 0.082016 9.226300 -0.194073 -0.106409 0.975199 1.577100 0.000000 0.000000 0.000000 1.000000
0.972615 0.110380 0.204538 0.000000 -0.127843 0.989016 0.074191 9.226300 -0.194102 -0.098308 0.976043 1.577100 0.000000 0.000000 0.000000 1.000000
0.972727 0.111207 0.203554 0.000000 -0.127003 0.989689 0.066219 9.226300 -0.194091 -0.090265 0.976822 1.577100 0.000000 0.000000 0.000000 1.000000
0.972765 0.113494 0.202108 0.000000 -0.127341 0.990229 0.056843 9.226300 -0.193682 -0.081032 0.977712 1.577100 0.000000 0.000000 0.000000 1.000000
0.972857 0.115753 0.200378 -0.000000 -0.127458 0.990754 0.046487 9.226300 -0.193144 -0.070765 0.978615 1.577100 0.000000 0.000000 0.000000 1.000000
0.973001 0.118351 0.198148 0.000000 -0.127960 0.991112 0.036371 9.226300 -0.192082 -0.060744 0.979497 1.577100 0.000000 0.000000 0.000000 1.000000
0.972994 0.122455 0.195671 0.000000 -0.130157 0.991127 0.026947 9.226300 -0.190635 -0.051687 0.980299 1.577100 0.000000 0.000000 0.000000 1.000000
0.973005 0.126409 0.193086 -0.000000 -0.132106 0.991092 0.016870 9.226300 -0.189233 -0.041922 0.981037 1.577100 0.000000 0.000000 0.000000 1.000000
0.972705 0.131504 0.191186 -0.000000 -0.135241 0.990791 0.006571 9.226300 -0.188561 -0.032248 0.981532 1.577100 0.000000 0.000000 0.000000 1.000000
0.971885 0.139271 0.189850 -0.000000 -0.141119 0.989985 -0.003815 9.226300 -0.188480 -0.023084 0.981806 1.577100 0.000000 0.000000 0.000000 1.000000
0.971127 0.147261 0.187689 -0.000000 -0.147140 0.989007 -0.014660 9.226300 -0.187784 -0.013380 0.982119 1.577100 0.000000 0.000000 0.000000 1.000000
0.970418 0.154711 0.185345 -0.000000 -0.152877 0.987948 -0.024234 9.226300 -0.186861 -0.004818 0.982375 1.577100 0.000000 0.000000 0.000000 1.000000
0.969764 0.160696 0.183672 0.000000 -0.157425 0.987001 -0.032352 9.226300 -0.186483 0.002460 0.982455 1.577100 0.000000 0.000000 0.000000 1.000000
0.969734 0.162499 0.182238 -0.000000 -0.158124 0.986673 -0.038382 9.226300 -0.186047 0.008404 0.982505 1.577100 0.000000 0.000000 0.000000 1.000000
0.970129 0.161474 0.181040 -0.000000 -0.156487 0.986804 -0.041600 9.226300 -0.185369 0.012027 0.982595 1.577100 0.000000 0.000000 0.000000 1.000000
0.970527 0.160201 0.180038 0.000000 -0.154910 0.986985 -0.043165 9.226300 -0.184610 0.014003 0.982712 1.577100 0.000000 0.000000 0.000000 1.000000
0.971179 0.157901 0.178548 0.000000 -0.152573 0.987344 -0.043273 9.226300 -0.183121 0.014784 0.982979 1.577100 0.000000 0.000000 0.000000 1.000000
0.972217 0.154135 0.176172 -0.000000 -0.148979 0.987939 -0.042207 9.226300 -0.180553 0.014788 0.983454 1.577100 0.000000 0.000000 0.000000 1.000000
0.973217 0.150194 0.174039 0.000000 -0.145343 0.988558 -0.040364 9.226300 -0.178110 0.013987 0.983911 1.577100 0.000000 0.000000 0.000000 1.000000
0.973835 0.146289 0.173912 -0.000000 -0.141858 0.989168 -0.037708 9.226300 -0.177545 0.012051 0.984039 1.577100 0.000000 0.000000 0.000000 1.000000
0.974455 0.140329 0.175341 0.000000 -0.136261 0.990051 -0.035087 9.226300 -0.178521 0.010298 0.983882 1.577100 0.000000 0.000000 0.000000 1.000000
0.974795 0.135269 0.177416 -0.000000 -0.131716 0.990780 -0.031709 9.226300 -0.180069 0.007542 0.983625 1.577100 0.000000 0.000000 0.000000 1.000000
0.974979 0.131786 0.179023 -0.000000 -0.129025 0.991273 -0.027031 9.226300 -0.181023 0.003256 0.983473 1.577100 0.000000 0.000000 0.000000 1.000000
0.975256 0.128360 0.180000 0.000000 -0.126682 0.991725 -0.020835 9.226300 -0.181185 -0.002483 0.983446 1.577100 0.000000 0.000000 0.000000 1.000000
0.975429 0.127018 0.180013 0.000000 -0.126419 0.991866 -0.014843 9.226300 -0.180434 -0.008279 0.983552 1.577100 0.000000 0.000000 0.000000 1.000000
0.975464 0.127690 0.179349 -0.000000 -0.128047 0.991721 -0.009636 9.226300 -0.179094 -0.013566 0.983738 1.577100 0.000000 0.000000 0.000000 1.000000
0.975708 0.126004 0.179214 0.000000 -0.127351 0.991850 -0.004020 9.226300 -0.178260 -0.018901 0.983802 1.577100 0.000000 0.000000 0.000000 1.000000
0.976106 0.121814 0.179941 -0.000000 -0.124151 0.992262 0.001739 9.226300 -0.178337 -0.024037 0.983676 1.577100 0.000000 0.000000 0.000000 1.000000
0.976284 0.117638 0.181745 -0.000000 -0.121010 0.992623 0.007537 9.226300 -0.179517 -0.029351 0.983317 1.577100 0.000000 0.000000 0.000000 1.000000
0.976238 0.114236 0.184148 0.000000 -0.118722 0.992836 0.013486 9.226300 -0.181288 -0.035028 0.982806 1.577100 0.000000 0.000000 0.000000 1.000000
0.976188 0.111879 0.185850 0.000000 -0.117639 0.992850 0.020224 9.226300 -0.182259 -0.041606 0.982370 1.577100 0.000000 0.000000 0.000000 1.000000
0.976119 0.110115 0.187262 -0.000000 -0.117189 0.992740 0.027103 9.226300 -0.182918 -0.048401 0.981936 1.577100 0.000000 0.000000 0.000000 1.000000
0.976056 0.107970 0.188830 -0.000000 -0.116383 0.992622 0.034013 9.226300 -0.183765 -0.055175 0.981421 1.577100 0.000000 0.000000 0.000000 1.000000
0.976281 0.104456 0.189641 0.000000 -0.114398 0.992537 0.042224 9.226300 -0.183815 -0.062917 0.980945 1.577100 0.000000 0.000000 0.000000 1.000000
0.976654 0.098999 0.190647 0.000000 -0.110256 0.992677 0.049349 9.226300 -0.184365 -0.069217 0.980418 1.577100 0.000000 0.000000 0.000000 1.000000
0.976925 0.092426 0.192548 -0.000000 -0.104588 0.993051 0.053963 9.226300 -0.186222 -0.072856 0.979803 1.577100 0.000000 0.000000 0.000000 1.000000
0.977067 0.085821 0.194873 0.000000 -0.098748 0.993444 0.057602 9.226300 -0.188652 -0.075525 0.979136 1.577100 0.000000 0.000000 0.000000 1.000000
0.977117 0.080707 0.196798 -0.000000 -0.094245 0.993714 0.060414 9.226300 -0.190685 -0.077579 0.978581 1.577100 0.000000 0.000000 0.000000 1.000000
0.977289 0.076934 0.197451 -0.000000 -0.090932 0.993874 0.062822 9.226300 -0.191408 -0.079350 0.978298 1.577100 0.000000 0.000000 0.000000 1.000000
0.977470 0.074637 0.197437 0.000000 -0.089077 0.993883 0.065287 9.226300 -0.191356 -0.081403 0.978139 1.577100 0.000000 0.000000 0.000000 1.000000
0.977520 0.074001 0.197431 0.000000 -0.088887 0.993743 0.067627 9.226300 -0.191192 -0.083656 0.977981 1.577100 0.000000 0.000000 0.000000 1.000000
0.977444 0.074422 0.197646 -0.000000 -0.089722 0.993532 0.069607 9.226300 -0.191188 -0.085770 0.977799 1.577100 0.000000 0.000000 0.000000 1.000000
